MDTBIL3C02 -0.631666 0.888302 -0.595058 0.959435
MDTBIL4A01 0.705276 0.117271 0.706021 0.117272
MDTBIL4C02 -0.631656 0.888302 -0.631655 0.888302
MDTBIL5A02 0.958415 0.708226 0.958512 0.708226
MDTBIL5C05 -0.948531 3.07861 -0.948422 3.07861
MDTBIL6A02 0.958725 0.708225 0.958812 0.708225
MDTBIL6C05 -0.948197 3.07861 -0.948099 3.07861
MDTBIM4C06 -0.773297 -2.43917 -0.77327 -2.43917
MDTBML3C02 -0.63162 0.888302 -0.594478 0.959435
MDTBML4A01 0.70224 0.117271 0.702704 0.117271
MDTBML4C06 -0.77339 -2.43916 -0.773371 -2.43916
MDTBML5C05 -0.946654 3.07861 -0.946612 3.07861
MDTBML6A02 0.960104 0.708224 0.960333 0.708224
MDTBML6C05 -0.946424 3.07861 -0.946395 3.07861
MDTBOL3C02 -0.594212 0.959436 -0.594168 0.959436
MDTBOL4A01 0.700553 0.11727 0.700807 0.117271
MDTBOL4C02 -0.631594 0.888302 -0.594165 0.959436
MDTBOL4C06 -0.773459 -2.43916 -0.773448 -2.43916
MDTBOL5A02 0.961052 0.708223 0.961068 0.708223
MDTBOL5C05 -0.945584 3.07861 -0.945566 3.07861
MDTBOL6A02 0.961165 0.708223 0.96118 0.708223
MDTBOL6C05 -0.945455 3.07861 -0.945438 3.07861
MDTEEL1A07 1.28744 -1.74738 1.28746 -1.74738
MDTEEL1C07 -1.22844 -1.36723 -1.22844 -1.36723
MDTEIL1C06 -1.60291 -2.63058 -1.60288 -2.63058
MDTEIL3A07 1.287 -1.74738 1.28705 -1.74738
MDTEIL4C07 -1.2284 -1.36723 -1.22839 -1.36723
MDTEIS1C05 -1.60276 -2.63058 -1.60238 -2.63058
MDTEML2A08 2.09718 -0.82609 2.09729 -0.82609
MDTEML4A07 1.28763 -1.74738 1.28765 -1.74738
MDTEML4C07 -1.22846 -1.36724 -1.22846 -1.36724
MDTEMS3C05 -1.6069 -2.63058 -1.6068 -2.63058
MDTEOL2A08 2.09886 -0.826089 2.09891 -0.826089
MDTEOS4C05 -1.60859 -2.63059 -1.60855 -2.63059
