RPCBML3A01 0.702834 0.117271 0.702859 0.117271
RPCBML3C02 -0.631622 0.888302 -0.594459 0.959435
RPCBML4A01 0.702147 0.117271 0.702168 0.117271
RPCBML4C06 -0.773393 -2.43916 -0.773366 -2.43916
RPCBML5A02 0.960044 0.708224 0.960057 0.708224
RPCBML5C05 -0.946714 3.07861 -0.9467 3.07861
RPCBML6A02 0.960387 0.708224 0.960398 0.708224
RPCBML6C05 -0.946329 3.07861 -0.946317 3.07861
RPCBOL4A01 0.700501 0.11727 0.700513 0.11727
RPCBOL4C02 -0.63159 0.888302 -0.594152 0.959436
RPCBOL5C06 -0.773462 -2.43916 -0.773461 -2.43916
RPCBOL6A02 0.961209 0.708223 0.961215 0.708223
RPCBOL6C05 -0.945405 3.07861 -0.945398 3.07861
