mdtBMG3A07 -3.070312 -3.070866 -3.070312 -3.070866 
mdtBMG3A06 -3.070312 -3.070866 -3.070312 -3.070866 
mdtBMG3C07 -3.070312 -3.070866 -3.070312 -3.070866 
mdtBMG3C06 -3.070312 -3.070866 -3.070312 -3.070866 
mdtBMG2A07 -3.070312 -3.070866 -3.070312 -3.070866 
mdtBMG2A06 -3.070312 -3.070866 -3.070312 -3.070866 
mdtBMG2C07 -3.070312 -3.070866 -3.070312 -3.070866 
mdtBMG2C06 -3.070312 -3.070866 -3.070312 -3.070866 
mdtBMG1A07 -3.070312 -3.070866 -3.070312 -3.070866 
mdtBMG1A06 -3.070312 -3.070866 -3.070312 -3.070866 
mdtBMG1C07 -3.070312 -3.070866 -3.070312 -3.070866 
mdtBMG1C06 -3.070312 -3.070866 -3.070312 -3.070866 
mdtBOL7A13 0.539062 -1.417323 0.679688 -1.700787 
mdtBOL7C13 -0.679688 -1.417323 -0.492188 -1.700787 
mdtBME1A07 0.679688 -1.417323 0.820312 -1.700787 
mdtBME1C07 -0.820312 -1.417323 -0.679688 -1.700787 
mdtEOS6A16 1.335938 -0.236220 1.429688 -0.566929 
mdtEOS6A14 1.335938 -1.039370 1.476562 -1.322835 
mdtEOS6A12 1.335938 -1.795276 1.429688 -2.125984 
mdtEOS6A10 1.335938 -2.598425 1.476562 -2.929134 
mdtEOS6A08 1.335938 2.929134 1.429688 2.598425 
mdtEOS6A06 1.335938 2.125984 1.429688 1.795276 
mdtEOS6A04 1.335938 1.322835 1.429688 1.039370 
mdtEOS6A02 1.335938 0.566929 1.429688 0.236220 
mdtEOS6C16 -1.429688 -0.236220 -1.335938 -0.566929 
mdtEOS6C14 -1.429688 -1.039370 -1.335938 -1.322835 
mdtEOS6C12 -1.429688 -1.795276 -1.335938 -2.125984 
mdtEOS6C10 -1.429688 -2.598425 -1.335938 -2.929134 
mdtEOS6C08 -1.429688 2.929134 -1.335938 2.598425 
mdtEOS6C06 -1.429688 2.125984 -1.335938 1.795276 
mdtEOS6C04 -1.476562 1.322835 -1.335938 1.039370 
mdtEOS6C02 -1.476562 0.566929 -1.335938 0.236220 
mdtEOS5A16 1.429688 -0.236220 1.570312 -0.566929 
mdtEOS5A14 1.429688 -0.992126 1.570312 -1.322835 
mdtEOS5A12 1.429688 -1.795276 1.570312 -2.125984 
mdtEOS5A10 1.429688 -2.598425 1.570312 -2.929134 
mdtEOS5A08 1.429688 2.929134 1.570312 2.598425 
mdtEOS5A06 1.429688 2.125984 1.570312 1.795276 
mdtEOS5A04 1.429688 1.322835 1.570312 0.992126 
mdtEOS5A02 1.429688 0.566929 1.570312 0.236220 
mdtEOS5C16 -1.570312 -0.236220 -1.429688 -0.566929 
mdtEOS5C14 -1.570312 -1.039370 -1.429688 -1.322835 
mdtEOS5C12 -1.570312 -1.795276 -1.429688 -2.125984 
mdtEOS5C10 -1.570312 -2.598425 -1.429688 -2.881890 
mdtEOS5C08 -1.570312 2.929134 -1.429688 2.598425 
mdtEOS5C06 -1.570312 2.125984 -1.429688 1.795276 
mdtEOS5C04 -1.570312 1.322835 -1.429688 0.992126 
mdtEOS5C02 -1.570312 0.566929 -1.429688 0.236220 
mdtEOS4A16 1.570312 -0.236220 1.757812 -0.566929 
mdtEOS4A14 1.570312 -0.992126 1.757812 -1.370079 
mdtEOS4A12 1.570312 -1.795276 1.757812 -2.125984 
mdtEOS4A10 1.570312 -2.598425 1.757812 -2.929134 
mdtEOS4A08 1.570312 2.929134 1.757812 2.598425 
mdtEOS4A06 1.570312 2.125984 1.757812 1.795276 
mdtEOS4A04 1.570312 1.322835 1.757812 0.992126 
mdtEOS4A02 1.570312 0.566929 1.757812 0.236220 
mdtEOS4C16 -1.757812 -0.236220 -1.570312 -0.566929 
mdtEOS4C14 -1.757812 -0.992126 -1.570312 -1.322835 
mdtEOS4C12 -1.757812 -1.795276 -1.570312 -2.125984 
mdtEOS4C10 -1.757812 -2.598425 -1.570312 -2.929134 
mdtEOS4C08 -1.757812 2.929134 -1.570312 2.598425 
mdtEOS4C06 -1.757812 2.125984 -1.570312 1.795276 
mdtEOS4C04 -1.757812 1.322835 -1.570312 1.039370 
mdtEOS4C02 -1.757812 0.566929 -1.570312 0.236220 
mdtEOS3A16 1.710938 -0.236220 1.992188 -0.566929 
mdtEOS3A14 1.710938 -0.992126 1.992188 -1.370079 
mdtEOS3A12 1.710938 -1.795276 1.992188 -2.125984 
mdtEOS3A10 1.710938 -2.598425 1.992188 -2.929134 
mdtEOS3A08 1.710938 2.929134 1.992188 2.598425 
mdtEOS3A06 1.757812 2.125984 1.992188 1.795276 
mdtEOS3A04 1.710938 1.370079 1.992188 0.992126 
mdtEOS3A02 1.710938 0.566929 1.992188 0.236220 
mdtEOS3C16 -1.992188 -0.236220 -1.710938 -0.566929 
mdtEOS3C14 -1.992188 -0.992126 -1.710938 -1.370079 
mdtEOS3C12 -1.992188 -1.795276 -1.710938 -2.125984 
mdtEOS3C10 -1.992188 -2.598425 -1.710938 -2.929134 
mdtEOS3C08 -1.992188 2.929134 -1.710938 2.551181 
mdtEOS3C06 -1.992188 2.125984 -1.710938 1.795276 
mdtEOS3C04 -1.992188 1.370079 -1.710938 0.992126 
mdtEOS3C02 -1.992188 0.566929 -1.710938 0.236220 
mdtEOS2A16 1.945312 -0.188976 2.273438 -0.566929 
mdtEOS2A14 1.945312 -0.992126 2.273438 -1.370079 
mdtEOS2A12 1.945312 -1.795276 2.273438 -2.125984 
mdtEOS2A10 1.945312 -2.551181 2.273438 -2.929134 
mdtEOS2A08 1.945312 2.929134 2.273438 2.551181 
mdtEOS2A06 1.945312 2.125984 2.273438 1.795276 
mdtEOS2A04 1.945312 1.370079 2.273438 0.992126 
mdtEOS2A02 1.945312 0.566929 2.273438 0.236220 
mdtEOS2C16 -2.273438 -0.188976 -1.945312 -0.566929 
mdtEOS2C14 -2.273438 -0.992126 -1.945312 -1.370079 
mdtEOS2C12 -2.273438 -1.795276 -1.945312 -2.125984 
mdtEOS2C10 -2.273438 -2.551181 -1.945312 -2.929134 
mdtEOS2C08 -2.273438 2.929134 -1.945312 2.551181 
mdtEOS2C06 -2.273438 2.125984 -1.945312 1.795276 
mdtEOS2C04 -2.273438 1.370079 -1.945312 0.992126 
mdtEOS2C02 -2.273438 0.566929 -1.945312 0.236220 
mdtEOS1A16 2.273438 -0.188976 2.789062 -0.614173 
mdtEOS1A14 2.273438 -0.992126 2.789062 -1.370079 
mdtEOS1A12 2.273438 -1.748031 2.742188 -2.173228 
mdtEOS1A10 2.273438 -2.551181 2.789062 -2.929134 
mdtEOS1A08 2.273438 2.976378 2.789062 2.551181 
mdtEOS1A06 2.273438 2.173228 2.789062 1.748031 
mdtEOS1A04 2.273438 1.370079 2.789062 0.992126 
mdtEOS1A02 2.273438 0.614173 2.789062 0.188976 
mdtEOS1C16 -2.789062 -0.188976 -2.273438 -0.566929 
mdtEOS1C14 -2.742188 -0.944882 -2.273438 -1.370079 
mdtEOS1C12 -2.789062 -1.748031 -2.273438 -2.173228 
mdtEOS1C10 -2.789062 -2.551181 -2.273438 -2.929134 
mdtEOS1C08 -2.789062 2.976378 -2.273438 2.551181 
mdtEOS1C06 -2.789062 2.173228 -2.273438 1.748031 
mdtEOS1C04 -2.789062 1.370079 -2.273438 0.992126 
mdtEOS1C02 -2.789062 0.614173 -2.273438 0.188976 
mdtEOL6A15 1.289062 -0.519685 1.476562 -1.039370 
mdtEOL6A13 1.335938 -1.322835 1.429688 -1.842520 
mdtEOL6A11 1.289062 -2.125984 1.476562 -2.598425 
mdtEOL6A09 1.335938 2.976378 1.429688 -2.976378 
mdtEOL6A07 1.289062 2.598425 1.476562 2.078740 
mdtEOL6A05 1.289062 1.842520 1.476562 1.322835 
mdtEOL6A03 1.335938 1.039370 1.476562 0.519685 
mdtEOL6A01 1.289062 0.236220 1.476562 -0.236220 
mdtEOL6C15 -1.429688 -0.519685 -1.335938 -1.039370 
mdtEOL6C13 -1.429688 -1.322835 -1.289062 -1.842520 
mdtEOL6C11 -1.476562 -2.125984 -1.289062 -2.598425 
mdtEOL6C09 -1.429688 2.976378 -1.289062 -2.976378 
mdtEOL6C07 -1.476562 2.598425 -1.289062 2.078740 
mdtEOL6C05 -1.476562 1.795276 -1.335938 1.322835 
mdtEOL6C03 -1.476562 1.039370 -1.289062 0.519685 
mdtEOL6C01 -1.476562 0.236220 -1.289062 -0.236220 
mdtEOL5A15 1.429688 -0.519685 1.570312 -1.039370 
mdtEOL5A13 1.429688 -1.322835 1.570312 -1.842520 
mdtEOL5A11 1.429688 -2.078740 1.570312 -2.598425 
mdtEOL5A09 1.429688 2.976378 1.570312 -2.976378 
mdtEOL5A07 1.429688 2.598425 1.570312 2.125984 
mdtEOL5A05 1.429688 1.842520 1.570312 1.322835 
mdtEOL5A03 1.429688 1.039370 1.570312 0.519685 
mdtEOL5A01 1.429688 0.236220 1.570312 -0.236220 
mdtEOL5C15 -1.570312 -0.519685 -1.429688 -1.039370 
mdtEOL5C13 -1.570312 -1.322835 -1.429688 -1.842520 
mdtEOL5C11 -1.570312 -2.078740 -1.429688 -2.598425 
mdtEOL5C09 -1.570312 2.976378 -1.429688 -2.976378 
mdtEOL5C07 -1.570312 2.598425 -1.429688 2.078740 
mdtEOL5C05 -1.570312 1.842520 -1.429688 1.322835 
mdtEOL5C03 -1.570312 1.039370 -1.429688 0.519685 
mdtEOL5C01 -1.570312 0.236220 -1.429688 -0.236220 
mdtEOL4A15 1.570312 -0.519685 1.757812 -1.039370 
mdtEOL4A13 1.570312 -1.322835 1.757812 -1.842520 
mdtEOL4A11 1.570312 -2.078740 1.757812 -2.598425 
mdtEOL4A09 1.570312 2.976378 1.757812 -2.976378 
mdtEOL4A07 1.570312 2.598425 1.757812 2.078740 
mdtEOL4A05 1.570312 1.842520 1.757812 1.322835 
mdtEOL4A03 1.570312 1.039370 1.757812 0.519685 
mdtEOL4A01 1.570312 0.236220 1.757812 -0.283465 
mdtEOL4C15 -1.757812 -0.519685 -1.570312 -1.039370 
mdtEOL4C13 -1.757812 -1.322835 -1.570312 -1.842520 
mdtEOL4C11 -1.757812 -2.078740 -1.570312 -2.598425 
mdtEOL4C09 -1.757812 2.976378 -1.570312 -2.976378 
mdtEOL4C07 -1.757812 2.598425 -1.570312 2.078740 
mdtEOL4C05 -1.757812 1.842520 -1.570312 1.322835 
mdtEOL4C03 -1.757812 1.039370 -1.570312 0.519685 
mdtEOL4C01 -1.757812 0.236220 -1.570312 -0.283465 
mdtEOL3A15 1.710938 -0.519685 1.945312 -1.039370 
mdtEOL3A13 1.710938 -1.322835 1.945312 -1.842520 
mdtEOL3A11 1.710938 -2.078740 1.945312 -2.598425 
mdtEOL3A09 1.710938 2.976378 1.945312 -2.976378 
mdtEOL3A07 1.710938 2.598425 1.945312 2.078740 
mdtEOL3A05 1.710938 1.842520 1.945312 1.322835 
mdtEOL3A03 1.710938 1.039370 1.945312 0.519685 
mdtEOL3A01 1.710938 0.283465 1.945312 -0.283465 
mdtEOL3C15 -1.945312 -0.519685 -1.710938 -1.039370 
mdtEOL3C13 -1.945312 -1.322835 -1.710938 -1.842520 
mdtEOL3C11 -1.945312 -2.078740 -1.710938 -2.598425 
mdtEOL3C09 -1.945312 2.976378 -1.710938 -2.976378 
mdtEOL3C07 -1.945312 2.598425 -1.710938 2.078740 
mdtEOL3C05 -1.945312 1.842520 -1.710938 1.322835 
mdtEOL3C03 -1.945312 1.039370 -1.710938 0.519685 
mdtEOL3C01 -1.945312 0.236220 -1.710938 -0.283465 
mdtEOL2A15 1.898438 -0.519685 2.273438 -1.039370 
mdtEOL2A13 1.945312 -1.275591 2.273438 -1.842520 
mdtEOL2A11 1.945312 -2.078740 2.273438 -2.645669 
mdtEOL2A09 1.945312 2.976378 2.273438 -2.976378 
mdtEOL2A07 1.945312 2.645669 2.273438 2.078740 
mdtEOL2A05 1.945312 1.842520 2.273438 1.275591 
mdtEOL2A03 1.945312 1.039370 2.273438 0.519685 
mdtEOL2A01 1.945312 0.283465 2.273438 -0.283465 
mdtEOL2C15 -2.273438 -0.519685 -1.945312 -1.039370 
mdtEOL2C13 -2.273438 -1.275591 -1.898438 -1.842520 
mdtEOL2C11 -2.273438 -2.078740 -1.898438 -2.645669 
mdtEOL2C09 -2.273438 2.976378 -1.945312 -2.976378 
mdtEOL2C07 -2.273438 2.645669 -1.898438 2.078740 
mdtEOL2C05 -2.273438 1.842520 -1.945312 1.275591 
mdtEOL2C03 -2.273438 1.039370 -1.945312 0.519685 
mdtEOL2C01 -2.273438 0.283465 -1.945312 -0.283465 
mdtEOL1A15 2.226562 -0.519685 2.742188 -1.086614 
mdtEOL1A13 2.273438 -1.275591 2.742188 -1.842520 
mdtEOL1A11 2.226562 -2.078740 2.742188 -2.645669 
mdtEOL1A09 2.273438 2.976378 2.742188 -2.976378 
mdtEOL1A07 2.226562 2.645669 2.742188 2.078740 
mdtEOL1A05 2.226562 1.842520 2.742188 1.275591 
mdtEOL1A03 2.226562 1.086614 2.742188 0.519685 
mdtEOL1A01 2.226562 0.283465 2.742188 -0.283465 
mdtEOL1C15 -2.742188 -0.519685 -2.226562 -1.086614 
mdtEOL1C13 -2.742188 -1.275591 -2.226562 -1.842520 
mdtEOL1C11 -2.742188 -2.078740 -2.226562 -2.645669 
mdtEOL1C09 -2.742188 2.976378 -2.226562 -2.976378 
mdtEOL1C07 -2.742188 2.645669 -2.226562 2.078740 
mdtEOL1C05 -2.742188 1.842520 -2.226562 1.275591 
mdtEOL1C03 -2.742188 1.039370 -2.226562 0.519685 
mdtEOL1C01 -2.742188 0.283465 -2.226562 -0.283465 
mdtEMS5A16 1.007812 -0.236220 1.195312 -0.566929 
mdtEMS5A14 1.007812 -1.039370 1.195312 -1.322835 
mdtEMS5A12 1.007812 -1.795276 1.148438 -2.125984 
mdtEMS5A10 1.007812 -2.598425 1.148438 -2.881890 
mdtEMS5A08 1.007812 2.929134 1.148438 2.598425 
mdtEMS5A06 1.007812 2.125984 1.148438 1.795276 
mdtEMS5A04 1.007812 1.322835 1.148438 1.039370 
mdtEMS5A02 1.007812 0.566929 1.195312 0.236220 
mdtEMS5C16 -1.195312 -0.236220 -1.007812 -0.566929 
mdtEMS5C14 -1.195312 -1.039370 -1.007812 -1.322835 
mdtEMS5C12 -1.148438 -1.795276 -1.007812 -2.125984 
mdtEMS5C10 -1.148438 -2.598425 -1.007812 -2.929134 
mdtEMS5C08 -1.195312 2.881890 -1.007812 2.598425 
mdtEMS5C06 -1.195312 2.125984 -1.007812 1.795276 
mdtEMS5C04 -1.195312 1.322835 -1.007812 1.039370 
mdtEMS5C02 -1.148438 0.566929 -1.007812 0.236220 
mdtEMS4A16 1.148438 -0.236220 1.382812 -0.566929 
mdtEMS4A14 1.148438 -1.039370 1.382812 -1.322835 
mdtEMS4A12 1.148438 -1.795276 1.382812 -2.125984 
mdtEMS4A10 1.148438 -2.598425 1.382812 -2.929134 
mdtEMS4A08 1.148438 2.929134 1.382812 2.598425 
mdtEMS4A06 1.148438 2.125984 1.382812 1.795276 
mdtEMS4A04 1.148438 1.322835 1.382812 1.039370 
mdtEMS4A02 1.148438 0.566929 1.382812 0.236220 
mdtEMS4C16 -1.382812 -0.236220 -1.148438 -0.566929 
mdtEMS4C14 -1.382812 -1.039370 -1.148438 -1.322835 
mdtEMS4C12 -1.382812 -1.795276 -1.148438 -2.125984 
mdtEMS4C10 -1.382812 -2.598425 -1.148438 -2.929134 
mdtEMS4C08 -1.382812 2.929134 -1.148438 2.598425 
mdtEMS4C06 -1.382812 2.125984 -1.148438 1.795276 
mdtEMS4C04 -1.382812 1.322835 -1.148438 1.039370 
mdtEMS4C02 -1.382812 0.566929 -1.148438 0.236220 
mdtEMS3A16 1.335938 -0.236220 1.617188 -0.566929 
mdtEMS3A14 1.335938 -0.992126 1.617188 -1.322835 
mdtEMS3A12 1.335938 -1.795276 1.617188 -2.125984 
mdtEMS3A10 1.335938 -2.598425 1.617188 -2.929134 
mdtEMS3A08 1.335938 2.929134 1.617188 2.598425 
mdtEMS3A06 1.335938 2.125984 1.617188 1.795276 
mdtEMS3A04 1.335938 1.322835 1.617188 0.992126 
mdtEMS3A02 1.335938 0.566929 1.617188 0.236220 
mdtEMS3C16 -1.617188 -0.236220 -1.335938 -0.566929 
mdtEMS3C14 -1.617188 -1.039370 -1.335938 -1.322835 
mdtEMS3C12 -1.617188 -1.795276 -1.335938 -2.125984 
mdtEMS3C10 -1.617188 -2.598425 -1.335938 -2.929134 
mdtEMS3C08 -1.617188 2.929134 -1.335938 2.598425 
mdtEMS3C06 -1.617188 2.125984 -1.335938 1.795276 
mdtEMS3C04 -1.617188 1.322835 -1.335938 0.992126 
mdtEMS3C02 -1.617188 0.566929 -1.335938 0.236220 
mdtEMS2A16 1.617188 -0.236220 2.039062 -0.566929 
mdtEMS2A14 1.617188 -0.992126 2.039062 -1.370079 
mdtEMS2A12 1.617188 -1.795276 2.039062 -2.125984 
mdtEMS2A10 1.617188 -2.551181 2.039062 -2.929134 
mdtEMS2A08 1.617188 2.929134 2.039062 2.551181 
mdtEMS2A06 1.617188 2.125984 2.039062 1.795276 
mdtEMS2A04 1.617188 1.370079 2.039062 0.992126 
mdtEMS2A02 1.617188 0.566929 2.039062 0.236220 
mdtEMS2C16 -2.039062 -0.236220 -1.617188 -0.566929 
mdtEMS2C14 -2.039062 -0.992126 -1.617188 -1.370079 
mdtEMS2C12 -2.039062 -1.795276 -1.617188 -2.125984 
mdtEMS2C10 -2.039062 -2.551181 -1.617188 -2.929134 
mdtEMS2C08 -2.039062 2.929134 -1.617188 2.551181 
mdtEMS2C06 -2.039062 2.125984 -1.617188 1.795276 
mdtEMS2C04 -2.039062 1.370079 -1.617188 0.992126 
mdtEMS2C02 -2.039062 0.566929 -1.617188 0.236220 
mdtEMS1A16 1.992188 -0.188976 2.789062 -0.614173 
mdtEMS1A14 1.992188 -0.992126 2.742188 -1.370079 
mdtEMS1A12 1.992188 -1.748031 2.742188 -2.173228 
mdtEMS1A10 1.992188 -2.551181 2.742188 -2.929134 
mdtEMS1A08 1.992188 2.976378 2.742188 2.551181 
mdtEMS1A06 1.992188 2.173228 2.789062 1.748031 
mdtEMS1A04 2.039062 1.370079 2.742188 0.944882 
mdtEMS1A02 1.992188 0.614173 2.789062 0.188976 
mdtEMS1C16 -2.742188 -0.188976 -1.992188 -0.614173 
mdtEMS1C14 -2.742188 -0.992126 -2.039062 -1.370079 
mdtEMS1C12 -2.742188 -1.748031 -1.992188 -2.173228 
mdtEMS1C10 -2.742188 -2.551181 -1.992188 -2.976378 
mdtEMS1C08 -2.742188 2.976378 -1.992188 2.551181 
mdtEMS1C06 -2.742188 2.173228 -1.992188 1.748031 
mdtEMS1C04 -2.742188 1.370079 -1.992188 0.944882 
mdtEMS1C02 -2.742188 0.614173 -2.039062 0.188976 
mdtEML5A15 1.007812 -0.519685 1.242188 -1.039370 
mdtEML5A13 1.054688 -1.322835 1.195312 -1.842520 
mdtEML5A11 1.054688 -2.125984 1.195312 -2.598425 
mdtEML5A09 1.054688 2.976378 1.195312 -2.976378 
mdtEML5A07 1.054688 2.598425 1.195312 2.125984 
mdtEML5A05 1.054688 1.842520 1.195312 1.322835 
mdtEML5A03 1.054688 1.039370 1.195312 0.519685 
mdtEML5A01 1.054688 0.236220 1.195312 -0.236220 
mdtEML5C15 -1.242188 -0.519685 -1.054688 -1.039370 
mdtEML5C13 -1.195312 -1.322835 -1.007812 -1.842520 
mdtEML5C11 -1.195312 -2.125984 -1.007812 -2.598425 
mdtEML5C09 -1.195312 2.976378 -1.007812 -2.976378 
mdtEML5C07 -1.195312 2.598425 -1.054688 2.125984 
mdtEML5C05 -1.195312 1.842520 -1.007812 1.322835 
mdtEML5C03 -1.195312 1.039370 -1.054688 0.519685 
mdtEML5C01 -1.195312 0.236220 -1.007812 -0.236220 
mdtEML4A15 1.195312 -0.519685 1.429688 -1.039370 
mdtEML4A13 1.195312 -1.322835 1.429688 -1.842520 
mdtEML4A11 1.195312 -2.125984 1.429688 -2.598425 
mdtEML4A09 1.195312 2.976378 1.429688 -2.976378 
mdtEML4A07 1.195312 2.598425 1.429688 2.078740 
mdtEML4A05 1.195312 1.842520 1.429688 1.322835 
mdtEML4A03 1.195312 1.039370 1.429688 0.519685 
mdtEML4A01 1.195312 0.236220 1.429688 -0.236220 
mdtEML4C15 -1.429688 -0.519685 -1.195312 -1.039370 
mdtEML4C13 -1.429688 -1.322835 -1.195312 -1.842520 
mdtEML4C11 -1.429688 -2.078740 -1.195312 -2.598425 
mdtEML4C09 -1.429688 2.976378 -1.195312 -2.976378 
mdtEML4C07 -1.429688 2.598425 -1.195312 2.125984 
mdtEML4C05 -1.429688 1.842520 -1.195312 1.322835 
mdtEML4C03 -1.429688 1.039370 -1.195312 0.519685 
mdtEML4C01 -1.429688 0.236220 -1.195312 -0.236220 
mdtEML3A15 1.382812 -0.519685 1.710938 -1.039370 
mdtEML3A13 1.382812 -1.322835 1.710938 -1.842520 
mdtEML3A11 1.382812 -2.078740 1.710938 -2.598425 
mdtEML3A09 1.382812 2.976378 1.710938 -2.976378 
mdtEML3A07 1.382812 2.598425 1.710938 2.078740 
mdtEML3A05 1.382812 1.842520 1.710938 1.322835 
mdtEML3A03 1.382812 1.039370 1.710938 0.519685 
mdtEML3A01 1.382812 0.236220 1.710938 -0.236220 
mdtEML3C15 -1.710938 -0.519685 -1.382812 -1.039370 
mdtEML3C13 -1.710938 -1.322835 -1.382812 -1.842520 
mdtEML3C11 -1.710938 -2.078740 -1.382812 -2.598425 
mdtEML3C09 -1.710938 2.976378 -1.382812 -2.976378 
mdtEML3C07 -1.710938 2.598425 -1.382812 2.078740 
mdtEML3C05 -1.710938 1.842520 -1.382812 1.322835 
mdtEML3C03 -1.710938 1.039370 -1.382812 0.519685 
mdtEML3C01 -1.710938 0.236220 -1.382812 -0.236220 
mdtEML2A15 1.664062 -0.519685 2.132812 -1.039370 
mdtEML2A13 1.664062 -1.275591 2.132812 -1.842520 
mdtEML2A11 1.664062 -2.078740 2.132812 -2.645669 
mdtEML2A09 1.664062 2.976378 2.132812 -2.976378 
mdtEML2A07 1.664062 2.645669 2.132812 2.078740 
mdtEML2A05 1.664062 1.842520 2.132812 1.322835 
mdtEML2A03 1.664062 1.039370 2.132812 0.519685 
mdtEML2A01 1.664062 0.283465 2.132812 -0.283465 
mdtEML2C15 -2.132812 -0.519685 -1.664062 -1.039370 
mdtEML2C13 -2.132812 -1.275591 -1.664062 -1.842520 
mdtEML2C11 -2.132812 -2.078740 -1.664062 -2.645669 
mdtEML2C09 -2.085938 2.976378 -1.664062 -2.976378 
mdtEML2C07 -2.132812 2.645669 -1.664062 2.078740 
mdtEML2C05 -2.132812 1.842520 -1.664062 1.322835 
mdtEML2C03 -2.132812 1.039370 -1.664062 0.519685 
mdtEML2C01 -2.132812 0.283465 -1.664062 -0.283465 
mdtEML1A15 2.085938 -0.472441 2.789062 -1.086614 
mdtEML1A13 2.085938 -1.275591 2.789062 -1.889764 
mdtEML1A11 2.085938 -2.031496 2.789062 -2.645669 
mdtEML1A09 2.085938 2.976378 2.789062 -2.976378 
mdtEML1A07 2.085938 2.645669 2.789062 2.031496 
mdtEML1A05 2.085938 1.889764 2.789062 1.275591 
mdtEML1A03 2.085938 1.086614 2.789062 0.472441 
mdtEML1A01 2.085938 0.330709 2.789062 -0.283465 
mdtEML1C15 -2.789062 -0.472441 -2.085938 -1.086614 
mdtEML1C13 -2.789062 -1.275591 -2.085938 -1.889764 
mdtEML1C11 -2.789062 -2.078740 -2.085938 -2.645669 
mdtEML1C09 -2.789062 2.976378 -2.085938 -2.976378 
mdtEML1C07 -2.789062 2.645669 -2.085938 2.031496 
mdtEML1C05 -2.789062 1.889764 -2.085938 1.275591 
mdtEML1C03 -2.789062 1.086614 -2.085938 0.472441 
mdtEML1C01 -2.789062 0.283465 -2.085938 -0.283465 
mdtEES2A16 1.007812 -0.236220 1.148438 -0.566929 
mdtEES2A14 1.007812 -1.039370 1.148438 -1.322835 
mdtEES2A12 1.007812 -1.795276 1.148438 -2.125984 
mdtEES2A10 1.007812 -2.598425 1.148438 -2.929134 
mdtEES2A08 1.007812 2.929134 1.148438 2.598425 
mdtEES2A06 1.007812 2.125984 1.148438 1.795276 
mdtEES2A04 1.007812 1.322835 1.148438 1.039370 
mdtEES2A02 1.007812 0.566929 1.148438 0.236220 
mdtEES2C16 -1.148438 -0.236220 -1.007812 -0.566929 
mdtEES2C14 -1.148438 -1.039370 -1.007812 -1.322835 
mdtEES2C12 -1.148438 -1.795276 -1.007812 -2.125984 
mdtEES2C10 -1.148438 -2.598425 -1.007812 -2.929134 
mdtEES2C08 -1.148438 2.929134 -1.007812 2.598425 
mdtEES2C06 -1.148438 2.125984 -1.007812 1.795276 
mdtEES2C04 -1.148438 1.322835 -1.007812 1.039370 
mdtEES2C02 -1.148438 0.566929 -1.007812 0.236220 
mdtEES1A16 1.101562 -0.236220 1.335938 -0.566929 
mdtEES1A14 1.101562 -1.039370 1.335938 -1.322835 
mdtEES1A12 1.148438 -1.795276 1.335938 -2.125984 
mdtEES1A10 1.148438 -2.598425 1.335938 -2.929134 
mdtEES1A08 1.101562 2.929134 1.335938 2.598425 
mdtEES1A06 1.101562 2.125984 1.335938 1.795276 
mdtEES1A04 1.101562 1.322835 1.335938 1.039370 
mdtEES1A02 1.148438 0.566929 1.335938 0.236220 
mdtEES1C16 -1.335938 -0.236220 -1.101562 -0.566929 
mdtEES1C14 -1.335938 -1.039370 -1.148438 -1.322835 
mdtEES1C12 -1.335938 -1.795276 -1.101562 -2.125984 
mdtEES1C10 -1.335938 -2.598425 -1.101562 -2.929134 
mdtEES1C08 -1.335938 2.929134 -1.101562 2.598425 
mdtEES1C06 -1.335938 2.125984 -1.101562 1.795276 
mdtEES1C04 -1.335938 1.322835 -1.148438 1.039370 
mdtEES1C02 -1.335938 0.566929 -1.101562 0.236220 
mdtEEL2A05 1.054688 1.748031 1.242188 1.417323 
mdtEEL2C05 -1.242188 1.748031 -1.054688 1.417323 
mdtEEL2A15 1.054688 -0.519685 1.195312 -1.039370 
mdtEEL2A13 1.007812 -1.322835 1.195312 -1.795276 
mdtEEL2A11 1.007812 -2.125984 1.195312 -2.598425 
mdtEEL2A09 1.007812 2.976378 1.148438 -2.976378 
mdtEEL2A07 1.007812 2.598425 1.195312 2.125984 
mdtEEL2A03 1.007812 1.039370 1.195312 0.519685 
mdtEEL2A01 1.007812 0.236220 1.195312 -0.236220 
mdtEEL2C15 -1.195312 -0.519685 -1.054688 -1.039370 
mdtEEL2C13 -1.195312 -1.322835 -1.054688 -1.795276 
mdtEEL2C11 -1.195312 -2.125984 -1.007812 -2.598425 
mdtEEL2C09 -1.148438 2.976378 -1.007812 -2.976378 
mdtEEL2C07 -1.195312 2.598425 -1.054688 2.125984 
mdtEEL2C03 -1.195312 1.039370 -1.007812 0.519685 
mdtEEL2C01 -1.195312 0.236220 -1.054688 -0.236220 
mdtEEL1A15 1.148438 -0.519685 1.335938 -1.039370 
mdtEEL1A13 1.148438 -1.322835 1.335938 -1.795276 
mdtEEL1A11 1.148438 -2.125984 1.335938 -2.598425 
mdtEEL1A09 1.148438 2.976378 1.335938 -2.976378 
mdtEEL1A07 1.148438 2.598425 1.335938 2.125984 
mdtEEL1A03 1.148438 1.039370 1.335938 0.519685 
mdtEEL1A01 1.148438 0.236220 1.335938 -0.236220 
mdtEEL1C15 -1.335938 -0.519685 -1.148438 -1.039370 
mdtEEL1C13 -1.335938 -1.322835 -1.148438 -1.795276 
mdtEEL1C11 -1.335938 -2.125984 -1.148438 -2.598425 
mdtEEL1C09 -1.335938 2.976378 -1.148438 -2.976378 
mdtEEL1C07 -1.335938 2.598425 -1.148438 2.125984 
mdtEEL1C03 -1.335938 1.039370 -1.148438 0.519685 
mdtEEL1C01 -1.335938 0.236220 -1.148438 -0.236220 
mdtEIS2A16 1.242188 -0.236220 1.523438 -0.566929 
mdtEIS2A14 1.242188 -0.992126 1.523438 -1.370079 
mdtEIS2A12 1.242188 -1.795276 1.523438 -2.125984 
mdtEIS2A10 1.242188 -2.551181 1.523438 -2.929134 
mdtEIS2A08 1.242188 2.929134 1.523438 2.598425 
mdtEIS2A06 1.242188 2.125984 1.523438 1.795276 
mdtEIS2A04 1.242188 1.370079 1.523438 0.992126 
mdtEIS2A02 1.242188 0.566929 1.523438 0.236220 
mdtEIS2C16 -1.523438 -0.236220 -1.242188 -0.566929 
mdtEIS2C14 -1.523438 -0.992126 -1.242188 -1.370079 
mdtEIS2C12 -1.523438 -1.795276 -1.242188 -2.125984 
mdtEIS2C10 -1.523438 -2.598425 -1.242188 -2.929134 
mdtEIS2C08 -1.523438 2.929134 -1.242188 2.551181 
mdtEIS2C06 -1.523438 2.125984 -1.242188 1.795276 
mdtEIS2C04 -1.523438 1.370079 -1.242188 0.992126 
mdtEIS2C02 -1.523438 0.566929 -1.242188 0.236220 
mdtEIS1A16 1.476562 -0.188976 1.992188 -0.566929 
mdtEIS1A14 1.476562 -0.992126 1.992188 -1.370079 
mdtEIS1A12 1.476562 -1.748031 1.992188 -2.173228 
mdtEIS1A10 1.476562 -2.551181 1.992188 -2.929134 
mdtEIS1A08 1.476562 2.929134 1.992188 2.551181 
mdtEIS1A06 1.476562 2.173228 1.992188 1.748031 
mdtEIS1A04 1.476562 1.370079 1.992188 0.992126 
mdtEIS1A02 1.476562 0.566929 1.992188 0.188976 
mdtEIS1C16 -1.992188 -0.188976 -1.476562 -0.614173 
mdtEIS1C14 -1.992188 -0.992126 -1.476562 -1.370079 
mdtEIS1C12 -1.992188 -1.748031 -1.476562 -2.173228 
mdtEIS1C10 -1.992188 -2.551181 -1.476562 -2.929134 
mdtEIS1C08 -1.992188 2.929134 -1.476562 2.551181 
mdtEIS1C06 -1.992188 2.173228 -1.476562 1.748031 
mdtEIS1C04 -1.992188 1.370079 -1.476562 0.992126 
mdtEIS1C02 -1.992188 0.566929 -1.476562 0.188976 
mdtEIL4A09 1.007812 2.976378 1.195312 -2.976378 
mdtEIL4A01 1.007812 0.236220 1.195312 -0.236220 
mdtEIL4C09 -1.195312 2.976378 -0.960938 -2.976378 
mdtEIL4C01 -1.195312 0.236220 -1.007812 -0.236220 
mdtEIL4A15 1.007812 -0.566929 1.195312 -0.803150 
mdtEIL4A11 0.960938 -2.314961 1.195312 -2.598425 
mdtEIL4C15 -1.195312 -0.566929 -1.007812 -0.803150 
mdtEIL4C11 -1.195312 -2.314961 -1.007812 -2.598425 
mdtEIL4A13 0.960938 -1.322835 1.289062 -1.795276 
mdtEIL4A07 1.007812 2.598425 1.289062 2.220472 
mdtEIL4A05 0.960938 1.795276 1.289062 1.322835 
mdtEIL4A03 1.007812 1.039370 1.289062 0.566929 
mdtEIL4C13 -1.289062 -1.322835 -1.007812 -1.795276 
mdtEIL4C07 -1.289062 2.598425 -1.007812 2.220472 
mdtEIL4C05 -1.289062 1.795276 -1.007812 1.322835 
mdtEIL4C03 -1.289062 1.039370 -1.007812 0.566929 
mdtEIL5A09 1.148438 2.976378 1.242188 -2.976378 
mdtEIL5A01 1.195312 0.141732 1.289062 -0.141732 
mdtEIL5C09 -1.242188 2.976378 -1.195312 -2.976378 
mdtEIL5C01 -1.289062 0.141732 -1.195312 -0.141732 
mdtEIL3A15 1.242188 -0.566929 1.382812 -0.944882 
mdtEIL3A13 1.242188 -1.322835 1.382812 -1.795276 
mdtEIL3A11 1.242188 -2.220472 1.382812 -2.551181 
mdtEIL3A09 1.242188 2.976378 1.335938 -2.976378 
mdtEIL3A07 1.242188 2.598425 1.382812 2.125984 
mdtEIL3A05 1.242188 1.795276 1.382812 1.322835 
mdtEIL3A03 1.242188 0.992126 1.382812 0.566929 
mdtEIL3A01 1.242188 0.236220 1.382812 -0.236220 
mdtEIL3C15 -1.382812 -0.566929 -1.242188 -0.944882 
mdtEIL3C13 -1.382812 -1.370079 -1.242188 -1.795276 
mdtEIL3C11 -1.382812 -2.220472 -1.242188 -2.598425 
mdtEIL3C09 -1.335938 2.976378 -1.242188 -2.976378 
mdtEIL3C07 -1.382812 2.598425 -1.242188 2.125984 
mdtEIL3C05 -1.335938 1.795276 -1.242188 1.322835 
mdtEIL3C03 -1.382812 0.992126 -1.242188 0.566929 
mdtEIL3C01 -1.382812 0.236220 -1.242188 -0.236220 
mdtEIL2A15 1.289062 -0.519685 1.617188 -1.039370 
mdtEIL2A13 1.289062 -1.275591 1.617188 -1.842520 
mdtEIL2A11 1.289062 -2.078740 1.617188 -2.645669 
mdtEIL2A09 1.289062 2.976378 1.617188 -2.976378 
mdtEIL2A07 1.289062 2.645669 1.617188 2.078740 
mdtEIL2A05 1.289062 1.842520 1.617188 1.275591 
mdtEIL2A03 1.289062 1.039370 1.617188 0.519685 
mdtEIL2A01 1.289062 0.283465 1.617188 -0.283465 
mdtEIL2C15 -1.617188 -0.519685 -1.289062 -1.039370 
mdtEIL2C13 -1.617188 -1.275591 -1.289062 -1.842520 
mdtEIL2C11 -1.617188 -2.078740 -1.289062 -2.645669 
mdtEIL2C09 -1.617188 2.976378 -1.289062 -2.976378 
mdtEIL2C07 -1.617188 2.645669 -1.289062 2.078740 
mdtEIL2C05 -1.617188 1.842520 -1.289062 1.322835 
mdtEIL2C03 -1.617188 1.039370 -1.289062 0.519685 
mdtEIL2C01 -1.617188 0.283465 -1.289062 -0.283465 
mdtEIL1A15 1.570312 -0.519685 2.039062 -1.086614 
mdtEIL1A13 1.570312 -1.275591 2.039062 -1.842520 
mdtEIL1A11 1.570312 -2.078740 2.039062 -2.645669 
mdtEIL1A09 1.570312 2.976378 2.039062 -2.976378 
mdtEIL1A07 1.570312 2.645669 2.039062 2.078740 
mdtEIL1A05 1.570312 1.842520 2.039062 1.275591 
mdtEIL1A03 1.570312 1.086614 2.039062 0.519685 
mdtEIL1A01 1.570312 0.283465 2.039062 -0.283465 
mdtEIL1C15 -2.039062 -0.519685 -1.570312 -1.086614 
mdtEIL1C13 -2.039062 -1.275591 -1.570312 -1.842520 
mdtEIL1C11 -2.039062 -2.078740 -1.570312 -2.645669 
mdtEIL1C09 -1.992188 2.976378 -1.570312 -2.976378 
mdtEIL1C07 -2.039062 2.645669 -1.570312 2.078740 
mdtEIL1C05 -2.039062 1.842520 -1.570312 1.275591 
mdtEIL1C03 -2.039062 1.086614 -1.570312 0.472441 
mdtEIL1C01 -2.039062 0.283465 -1.570312 -0.283465 
mdtBOG4A07 0.914062 -0.992126 1.007812 -1.370079 
mdtBOG4A06 0.914062 -1.795276 1.007812 -2.125984 
mdtBOG4C07 -1.007812 -0.992126 -0.914062 -1.370079 
mdtBOG4C06 -1.007812 -1.795276 -0.914062 -2.125984 
mdtBOG3A07 0.726562 -0.992126 0.867188 -1.370079 
mdtBOG3A06 0.726562 -1.795276 0.820312 -2.125984 
mdtBOG3C07 -0.820312 -0.992126 -0.726562 -1.370079 
mdtBOG3C06 -0.820312 -1.795276 -0.726562 -2.125984 
mdtBOG2A07 0.539062 -0.992126 0.632812 -1.370079 
mdtBOG2A06 0.539062 -1.795276 0.632812 -2.125984 
mdtBOG2C07 -0.632812 -0.992126 -0.539062 -1.322835 
mdtBOG2C06 -0.632812 -1.795276 -0.539062 -2.125984 
mdtBOG1A07 0.257812 -0.992126 0.351562 -1.370079 
mdtBOG1A06 0.257812 -1.795276 0.351562 -2.125984 
mdtBOG1C07 -0.351562 -0.992126 -0.257812 -1.322835 
mdtBOG1C06 -0.351562 -1.795276 -0.257812 -2.125984 
mdtBOG0A07 -0.070312 -0.992126 0.070312 -1.370079 
mdtBOG0A06 -0.070312 -1.795276 0.070312 -2.125984 
mdtBOF4A07 0.820312 -0.992126 0.914062 -1.370079 
mdtBOF4A06 0.820312 -1.795276 0.914062 -2.125984 
mdtBOF4C07 -0.914062 -0.992126 -0.820312 -1.370079 
mdtBOF4C06 -0.914062 -1.795276 -0.820312 -2.125984 
mdtBOF3A07 0.632812 -0.992126 0.773438 -1.370079 
mdtBOF3A06 0.632812 -1.795276 0.773438 -2.125984 
mdtBOF3C07 -0.773438 -0.992126 -0.632812 -1.370079 
mdtBOF3C06 -0.773438 -1.795276 -0.632812 -2.125984 
mdtBOF2A07 0.351562 -0.992126 0.539062 -1.370079 
mdtBOF2A06 0.351562 -1.795276 0.539062 -2.125984 
mdtBOF2C07 -0.539062 -0.992126 -0.351562 -1.370079 
mdtBOF2C06 -0.539062 -1.795276 -0.351562 -2.125984 
mdtBOF1A07 0.070312 -0.992126 0.257812 -1.370079 
mdtBOF1A06 0.070312 -1.795276 0.257812 -2.125984 
mdtBOF1C07 -0.257812 -0.992126 -0.070312 -1.370079 
mdtBOF1C06 -0.257812 -1.795276 -0.070312 -2.125984 
mdtBOS6A16 0.867188 -0.236220 1.054688 -0.566929 
mdtBOS6A10 0.867188 -2.551181 1.054688 -2.929134 
mdtBOS6A08 0.867188 2.929134 1.054688 2.598425 
mdtBOS6A06 0.867188 2.125984 1.054688 1.795276 
mdtBOS6A04 0.867188 1.370079 1.054688 0.992126 
mdtBOS6A02 0.867188 0.566929 1.054688 0.236220 
mdtBOS6C16 -1.054688 -0.236220 -0.867188 -0.566929 
mdtBOS6C10 -1.054688 -2.598425 -0.867188 -2.929134 
mdtBOS6C08 -1.054688 2.929134 -0.867188 2.598425 
mdtBOS6C06 -1.054688 2.125984 -0.867188 1.795276 
mdtBOS6C04 -1.054688 1.370079 -0.867188 0.992126 
mdtBOS6C02 -1.054688 0.566929 -0.867188 0.236220 
mdtBOS5A16 0.726562 -0.236220 0.914062 -0.566929 
mdtBOS5A10 0.726562 -2.551181 0.914062 -2.929134 
mdtBOS5A08 0.726562 2.929134 0.914062 2.551181 
mdtBOS5A06 0.726562 2.125984 0.914062 1.795276 
mdtBOS5A04 0.726562 1.370079 0.914062 0.992126 
mdtBOS5A02 0.726562 0.566929 0.914062 0.236220 
mdtBOS5C16 -0.914062 -0.236220 -0.726562 -0.566929 
mdtBOS5C10 -0.914062 -2.551181 -0.726562 -2.929134 
mdtBOS5C08 -0.914062 2.929134 -0.726562 2.551181 
mdtBOS5C06 -0.914062 2.125984 -0.726562 1.795276 
mdtBOS5C04 -0.914062 1.370079 -0.726562 0.992126 
mdtBOS5C02 -0.914062 0.566929 -0.726562 0.236220 
mdtBOS4A16 0.585938 -0.236220 0.773438 -0.566929 
mdtBOS4A10 0.585938 -2.551181 0.773438 -2.929134 
mdtBOS4A08 0.585938 2.929134 0.773438 2.598425 
mdtBOS4A06 0.585938 2.125984 0.773438 1.795276 
mdtBOS4A04 0.585938 1.370079 0.773438 0.992126 
mdtBOS4A02 0.585938 0.566929 0.773438 0.236220 
mdtBOS4C16 -0.773438 -0.236220 -0.585938 -0.566929 
mdtBOS4C10 -0.773438 -2.551181 -0.585938 -2.929134 
mdtBOS4C08 -0.773438 2.929134 -0.585938 2.551181 
mdtBOS4C06 -0.773438 2.125984 -0.585938 1.795276 
mdtBOS4C04 -0.773438 1.370079 -0.585938 0.992126 
mdtBOS4C02 -0.773438 0.566929 -0.585938 0.236220 
mdtBOS3A16 0.398438 -0.236220 0.585938 -0.566929 
mdtBOS3A10 0.398438 -2.551181 0.585938 -2.929134 
mdtBOS3A08 0.398438 2.929134 0.585938 2.551181 
mdtBOS3A06 0.398438 2.125984 0.585938 1.795276 
mdtBOS3A04 0.398438 1.370079 0.585938 0.992126 
mdtBOS3A02 0.398438 0.566929 0.585938 0.236220 
mdtBOS3C16 -0.585938 -0.236220 -0.398438 -0.566929 
mdtBOS3C10 -0.585938 -2.551181 -0.398438 -2.929134 
mdtBOS3C08 -0.585938 2.929134 -0.398438 2.551181 
mdtBOS3C06 -0.585938 2.125984 -0.398438 1.795276 
mdtBOS3C04 -0.585938 1.370079 -0.398438 0.992126 
mdtBOS3C02 -0.585938 0.566929 -0.398438 0.236220 
mdtBOS2A16 0.210938 -0.236220 0.398438 -0.566929 
mdtBOS2A10 0.210938 -2.551181 0.398438 -2.929134 
mdtBOS2A08 0.210938 2.929134 0.398438 2.551181 
mdtBOS2A06 0.210938 2.125984 0.398438 1.795276 
mdtBOS2A04 0.210938 1.370079 0.398438 0.992126 
mdtBOS2A02 0.210938 0.566929 0.398438 0.236220 
mdtBOS2C16 -0.398438 -0.236220 -0.210938 -0.566929 
mdtBOS2C10 -0.398438 -2.551181 -0.210938 -2.929134 
mdtBOS2C08 -0.398438 2.929134 -0.210938 2.551181 
mdtBOS2C06 -0.398438 2.125984 -0.210938 1.795276 
mdtBOS2C04 -0.398438 1.370079 -0.210938 0.992126 
mdtBOS2C02 -0.398438 0.566929 -0.210938 0.236220 
mdtBOS1A08 0.070312 2.929134 0.210938 2.551181 
mdtBOS1C08 -0.210938 2.929134 -0.070312 2.551181 
mdtBOS1A16 0.023438 -0.236220 0.210938 -0.566929 
mdtBOS1A10 0.023438 -2.551181 0.210938 -2.929134 
mdtBOS1A06 0.023438 2.125984 0.210938 1.795276 
mdtBOS1A04 0.023438 1.370079 0.210938 0.992126 
mdtBOS1A02 0.023438 0.566929 0.210938 0.236220 
mdtBOS1C16 -0.210938 -0.236220 -0.023438 -0.566929 
mdtBOS1C10 -0.210938 -2.551181 -0.023438 -2.929134 
mdtBOS1C06 -0.210938 2.125984 -0.023438 1.795276 
mdtBOS1C04 -0.210938 1.370079 -0.023438 0.992126 
mdtBOS1C02 -0.210938 0.566929 -0.023438 0.236220 
mdtBOL6A15 0.914062 -0.519685 1.101562 -1.039370 
mdtBOL6A13 0.914062 -1.322835 1.101562 -1.842520 
mdtBOL6A11 0.914062 -2.078740 1.101562 -2.598425 
mdtBOL6A09 0.914062 2.976378 1.101562 -2.976378 
mdtBOL6A07 0.914062 2.598425 1.101562 2.078740 
mdtBOL6A05 0.914062 1.842520 1.101562 1.322835 
mdtBOL6A03 0.914062 1.039370 1.101562 0.519685 
mdtBOL6A01 0.914062 0.236220 1.101562 -0.236220 
mdtBOL6C15 -1.101562 -0.519685 -0.914062 -1.039370 
mdtBOL6C13 -1.101562 -1.322835 -0.914062 -1.842520 
mdtBOL6C11 -1.101562 -2.078740 -0.914062 -2.598425 
mdtBOL6C09 -1.101562 2.976378 -0.914062 -2.976378 
mdtBOL6C07 -1.101562 2.598425 -0.914062 2.078740 
mdtBOL6C05 -1.101562 1.842520 -0.914062 1.322835 
mdtBOL6C03 -1.101562 1.039370 -0.914062 0.519685 
mdtBOL6C01 -1.101562 0.236220 -0.914062 -0.236220 
mdtBOL5A15 0.773438 -0.519685 0.960938 -1.039370 
mdtBOL5A13 0.773438 -1.322835 0.960938 -1.842520 
mdtBOL5A11 0.773438 -2.078740 0.960938 -2.598425 
mdtBOL5A09 0.773438 2.976378 0.960938 -2.976378 
mdtBOL5A07 0.773438 2.598425 0.960938 2.078740 
mdtBOL5A05 0.773438 1.842520 0.960938 1.322835 
mdtBOL5A03 0.773438 1.039370 0.960938 0.519685 
mdtBOL5A01 0.773438 0.236220 0.960938 -0.236220 
mdtBOL5C15 -0.960938 -0.519685 -0.773438 -1.039370 
mdtBOL5C13 -0.960938 -1.322835 -0.773438 -1.842520 
mdtBOL5C11 -0.960938 -2.078740 -0.773438 -2.598425 
mdtBOL5C09 -0.960938 2.976378 -0.773438 -2.976378 
mdtBOL5C07 -0.960938 2.598425 -0.773438 2.078740 
mdtBOL5C05 -0.960938 1.842520 -0.773438 1.322835 
mdtBOL5C03 -0.960938 1.039370 -0.773438 0.519685 
mdtBOL5C01 -0.960938 0.236220 -0.773438 -0.236220 
mdtBOL4A15 0.585938 -0.519685 0.820312 -1.039370 
mdtBOL4A13 0.585938 -1.322835 0.820312 -1.842520 
mdtBOL4A11 0.585938 -2.078740 0.820312 -2.598425 
mdtBOL4A09 0.585938 2.976378 0.820312 -2.976378 
mdtBOL4A07 0.585938 2.598425 0.820312 2.078740 
mdtBOL4A05 0.585938 1.842520 0.820312 1.322835 
mdtBOL4A03 0.585938 1.039370 0.820312 0.519685 
mdtBOL4A01 0.585938 0.236220 0.820312 -0.236220 
mdtBOL4C15 -0.820312 -0.519685 -0.585938 -1.039370 
mdtBOL4C13 -0.820312 -1.322835 -0.585938 -1.842520 
mdtBOL4C11 -0.820312 -2.078740 -0.585938 -2.598425 
mdtBOL4C09 -0.773438 2.976378 -0.585938 -2.976378 
mdtBOL4C07 -0.820312 2.598425 -0.585938 2.078740 
mdtBOL4C05 -0.820312 1.842520 -0.585938 1.322835 
mdtBOL4C03 -0.820312 1.039370 -0.585938 0.519685 
mdtBOL4C01 -0.820312 0.236220 -0.585938 -0.236220 
mdtBOL3A13 0.351562 -1.322835 0.539062 -1.842520 
mdtBOL3C13 -0.539062 -1.322835 -0.351562 -1.842520 
mdtBOL3A15 0.445312 -0.519685 0.632812 -1.039370 
mdtBOL3A11 0.445312 -2.078740 0.632812 -2.598425 
mdtBOL3A09 0.445312 2.976378 0.632812 -2.976378 
mdtBOL3A07 0.445312 2.598425 0.632812 2.078740 
mdtBOL3A05 0.445312 1.842520 0.632812 1.322835 
mdtBOL3A03 0.445312 1.039370 0.632812 0.519685 
mdtBOL3A01 0.445312 0.236220 0.632812 -0.236220 
mdtBOL3C15 -0.632812 -0.519685 -0.445312 -1.039370 
mdtBOL3C11 -0.632812 -2.078740 -0.445312 -2.598425 
mdtBOL3C09 -0.632812 2.976378 -0.445312 -2.976378 
mdtBOL3C07 -0.632812 2.598425 -0.445312 2.125984 
mdtBOL3C05 -0.632812 1.842520 -0.445312 1.322835 
mdtBOL3C03 -0.632812 1.039370 -0.445312 0.519685 
mdtBOL3C01 -0.632812 0.236220 -0.445312 -0.236220 
mdtBOL2C05 -0.445312 1.842520 -0.304688 1.322835 
mdtBOL2A13 0.210938 -1.322835 0.398438 -1.842520 
mdtBOL2C13 -0.398438 -1.322835 -0.210938 -1.842520 
mdtBOL2C15 -0.445312 -0.519685 -0.210938 -1.039370 
mdtBOL2C11 -0.445312 -2.078740 -0.210938 -2.598425 
mdtBOL2C09 -0.445312 2.976378 -0.257812 -2.976378 
mdtBOL2C07 -0.445312 2.598425 -0.257812 2.078740 
mdtBOL2C03 -0.445312 1.039370 -0.257812 0.519685 
mdtBOL2C01 -0.445312 0.236220 -0.210938 -0.236220 
mdtBOL2A15 0.210938 -0.519685 0.445312 -1.039370 
mdtBOL2A11 0.210938 -2.078740 0.445312 -2.598425 
mdtBOL2A09 0.210938 2.976378 0.445312 -2.976378 
mdtBOL2A07 0.257812 2.598425 0.445312 2.078740 
mdtBOL2A05 0.210938 1.842520 0.445312 1.322835 
mdtBOL2A03 0.257812 1.039370 0.445312 0.519685 
mdtBOL2A01 0.257812 0.236220 0.445312 -0.236220 
mdtBOL1C13 -0.257812 -1.322835 -0.023438 -1.842520 
mdtBOL1C09 -0.257812 2.976378 -0.070312 -2.976378 
mdtBOL1C05 -0.304688 1.842520 -0.164062 1.322835 
mdtBOL1C03 -0.257812 1.039370 -0.070312 0.519685 
mdtBOL1C01 -0.257812 0.236220 -0.070312 -0.236220 
mdtBOL1C15 -0.257812 -0.519685 -0.070312 -1.039370 
mdtBOL1C11 -0.257812 -2.078740 -0.070312 -2.598425 
mdtBOL1A15 0.070312 -0.519685 0.257812 -1.039370 
mdtBOL1A13 0.070312 -1.322835 0.257812 -1.842520 
mdtBOL1A11 0.070312 -2.078740 0.257812 -2.598425 
mdtBOL1C07 -0.257812 2.598425 -0.070312 2.078740 
mdtBOL1A09 0.070312 2.976378 0.257812 -2.976378 
mdtBOL1A07 0.070312 2.598425 0.257812 2.078740 
mdtBOL1A05 0.023438 1.842520 0.257812 1.322835 
mdtBOL1A03 0.023438 1.039370 0.257812 0.519685 
mdtBOL1A01 0.023438 0.236220 0.257812 -0.236220 
mdtBMF3A07 0.773438 -0.992126 0.960938 -1.370079 
mdtBMF3A06 0.773438 -1.795276 0.960938 -2.173228 
mdtBMF3C07 -0.960938 -0.992126 -0.773438 -1.370079 
mdtBMF3C06 -0.960938 -1.795276 -0.773438 -2.125984 
mdtBMF2A07 0.492188 -0.992126 0.679688 -1.370079 
mdtBMF2A06 0.492188 -1.795276 0.679688 -2.125984 
mdtBMF2C07 -0.679688 -0.992126 -0.492188 -1.370079 
mdtBMF2C06 -0.679688 -1.795276 -0.445312 -2.173228 
mdtBMF1A07 0.070312 -0.992126 0.351562 -1.370079 
mdtBMF1A06 0.070312 -1.795276 0.351562 -2.173228 
mdtBMF1C07 -0.351562 -0.992126 -0.070312 -1.370079 
mdtBMF1C06 -0.351562 -1.795276 -0.070312 -2.173228 
mdtBMS6A16 0.867188 -0.188976 0.960938 -0.566929 
mdtBMS6A10 0.820312 -2.551181 0.960938 -2.929134 
mdtBMS6A08 0.820312 2.929134 0.960938 2.551181 
mdtBMS6A06 0.867188 2.173228 0.960938 1.795276 
mdtBMS6A04 0.867188 1.370079 0.960938 0.992126 
mdtBMS6A02 0.820312 0.566929 0.960938 0.188976 
mdtBMS6C16 -0.960938 -0.188976 -0.820312 -0.566929 
mdtBMS6C10 -0.960938 -2.551181 -0.867188 -2.929134 
mdtBMS6C08 -0.960938 2.929134 -0.867188 2.551181 
mdtBMS6C06 -0.960938 2.125984 -0.867188 1.795276 
mdtBMS6C04 -0.960938 1.370079 -0.867188 0.992126 
mdtBMS6C02 -0.960938 0.566929 -0.867188 0.236220 
mdtBMS6A16 0.867188 -0.188976 0.960938 -0.566929 
mdtBMS6A10 0.820312 -2.551181 0.960938 -2.929134 
mdtBMS6A08 0.820312 2.929134 0.960938 2.551181 
mdtBMS6A06 0.867188 2.173228 0.960938 1.795276 
mdtBMS6A04 0.867188 1.370079 0.960938 0.992126 
mdtBMS6A02 0.820312 0.566929 0.960938 0.188976 
mdtBMS6C16 -0.960938 -0.188976 -0.820312 -0.566929 
mdtBMS6C10 -0.960938 -2.551181 -0.867188 -2.929134 
mdtBMS6C08 -0.960938 2.929134 -0.867188 2.551181 
mdtBMS6C06 -0.960938 2.125984 -0.867188 1.795276 
mdtBMS6C04 -0.960938 1.370079 -0.867188 0.992126 
mdtBMS6C02 -0.960938 0.566929 -0.867188 0.236220 
mdtBMS5A16 0.773438 -0.188976 0.867188 -0.566929 
mdtBMS5A10 0.773438 -2.551181 0.867188 -2.929134 
mdtBMS5A08 0.773438 2.929134 0.867188 2.551181 
mdtBMS5A06 0.773438 2.173228 0.867188 1.795276 
mdtBMS5A04 0.773438 1.370079 0.867188 0.992126 
mdtBMS5A02 0.773438 0.566929 0.867188 0.188976 
mdtBMS5C16 -0.867188 -0.188976 -0.773438 -0.566929 
mdtBMS5C10 -0.867188 -2.551181 -0.773438 -2.929134 
mdtBMS5C08 -0.867188 2.929134 -0.773438 2.551181 
mdtBMS5C06 -0.867188 2.125984 -0.773438 1.795276 
mdtBMS5C04 -0.867188 1.370079 -0.773438 0.992126 
mdtBMS5C02 -0.867188 0.566929 -0.773438 0.188976 
mdtBMS4A16 0.585938 -0.188976 0.726562 -0.566929 
mdtBMS4A10 0.585938 -2.551181 0.726562 -2.929134 
mdtBMS4A08 0.585938 2.929134 0.726562 2.551181 
mdtBMS4A06 0.585938 2.125984 0.726562 1.795276 
mdtBMS4A04 0.585938 1.370079 0.726562 0.992126 
mdtBMS4A02 0.585938 0.566929 0.726562 0.188976 
mdtBMS4C16 -0.726562 -0.188976 -0.585938 -0.566929 
mdtBMS4C10 -0.726562 -2.551181 -0.585938 -2.929134 
mdtBMS4C08 -0.726562 2.929134 -0.585938 2.551181 
mdtBMS4C06 -0.726562 2.173228 -0.585938 1.795276 
mdtBMS4C04 -0.726562 1.370079 -0.585938 0.992126 
mdtBMS4C02 -0.726562 0.566929 -0.585938 0.188976 
mdtBMS4A16 0.585938 -0.188976 0.726562 -0.566929 
mdtBMS4A10 0.585938 -2.551181 0.726562 -2.929134 
mdtBMS4A08 0.585938 2.929134 0.726562 2.551181 
mdtBMS4A06 0.585938 2.125984 0.726562 1.795276 
mdtBMS4A04 0.585938 1.370079 0.726562 0.992126 
mdtBMS4A02 0.585938 0.566929 0.726562 0.188976 
mdtBMS4C16 -0.726562 -0.188976 -0.585938 -0.566929 
mdtBMS4C10 -0.726562 -2.551181 -0.585938 -2.929134 
mdtBMS4C08 -0.726562 2.929134 -0.585938 2.551181 
mdtBMS4C06 -0.726562 2.173228 -0.585938 1.795276 
mdtBMS4C04 -0.726562 1.370079 -0.585938 0.992126 
mdtBMS4C02 -0.726562 0.566929 -0.585938 0.188976 
mdtBMS3A16 0.445312 -0.188976 0.585938 -0.566929 
mdtBMS3A10 0.445312 -2.551181 0.585938 -2.929134 
mdtBMS3A08 0.445312 2.929134 0.585938 2.551181 
mdtBMS3A06 0.445312 2.125984 0.585938 1.795276 
mdtBMS3A04 0.445312 1.370079 0.585938 0.992126 
mdtBMS3A02 0.445312 0.566929 0.585938 0.188976 
mdtBMS3C16 -0.585938 -0.188976 -0.445312 -0.566929 
mdtBMS3C10 -0.585938 -2.551181 -0.445312 -2.929134 
mdtBMS3C08 -0.585938 2.929134 -0.445312 2.551181 
mdtBMS3C06 -0.585938 2.173228 -0.445312 1.795276 
mdtBMS3C04 -0.585938 1.370079 -0.445312 0.992126 
mdtBMS3C02 -0.585938 0.566929 -0.445312 0.188976 
mdtBMS2A16 0.210938 -0.188976 0.398438 -0.566929 
mdtBMS2A10 0.210938 -2.551181 0.398438 -2.929134 
mdtBMS2A08 0.210938 2.929134 0.398438 2.551181 
mdtBMS2A06 0.210938 2.173228 0.398438 1.795276 
mdtBMS2A04 0.210938 1.370079 0.398438 0.992126 
mdtBMS2A02 0.210938 0.566929 0.398438 0.188976 
mdtBMS2C16 -0.398438 -0.188976 -0.210938 -0.566929 
mdtBMS2C10 -0.398438 -2.551181 -0.210938 -2.929134 
mdtBMS2C08 -0.398438 2.929134 -0.210938 2.551181 
mdtBMS2C06 -0.398438 2.125984 -0.210938 1.795276 
mdtBMS2C04 -0.398438 1.370079 -0.210938 0.992126 
mdtBMS2C02 -0.398438 0.566929 -0.210938 0.188976 
mdtBMS1A16 0.023438 -0.188976 0.210938 -0.566929 
mdtBMS1A10 0.023438 -2.551181 0.210938 -2.929134 
mdtBMS1A08 0.023438 2.929134 0.210938 2.551181 
mdtBMS1A06 0.023438 2.173228 0.210938 1.795276 
mdtBMS1A04 0.023438 1.370079 0.210938 0.992126 
mdtBMS1A02 0.023438 0.566929 0.210938 0.188976 
mdtBMS1C16 -0.210938 -0.188976 -0.023438 -0.566929 
mdtBMS1C10 -0.210938 -2.551181 -0.023438 -2.929134 
mdtBMS1C08 -0.210938 2.929134 -0.023438 2.551181 
mdtBMS1C06 -0.210938 2.173228 -0.023438 1.795276 
mdtBMS1C04 -0.210938 1.370079 -0.023438 0.992126 
mdtBMS1C02 -0.210938 0.566929 -0.023438 0.188976 
mdtBML6A13 -3.070312 -3.070866 -3.070312 -3.070866 
mdtBML6C13 -3.070312 -3.070866 -3.070312 -3.070866 
mdtBML6A15 0.914062 -0.519685 1.101562 -1.039370 
mdtBML6A11 0.914062 -2.125984 1.101562 -2.598425 
mdtBML6A09 0.914062 2.976378 1.101562 -2.976378 
mdtBML6A07 0.914062 2.598425 1.101562 2.125984 
mdtBML6A05 0.914062 1.795276 1.101562 1.322835 
mdtBML6A03 0.914062 1.039370 1.101562 0.519685 
mdtBML6A01 0.914062 0.236220 1.101562 -0.236220 
mdtBML6C15 -1.101562 -0.519685 -0.914062 -1.039370 
mdtBML6C11 -1.101562 -2.125984 -0.914062 -2.598425 
mdtBML6C09 -1.101562 2.976378 -0.914062 -2.976378 
mdtBML6C07 -1.101562 2.598425 -0.914062 2.125984 
mdtBML6C05 -1.101562 1.795276 -0.914062 1.322835 
mdtBML6C03 -1.101562 1.039370 -0.914062 0.519685 
mdtBML6C01 -1.101562 0.236220 -0.914062 -0.236220 
mdtBML5A13 0.914062 -1.322835 1.101562 -1.795276 
mdtBML5C13 -1.101562 -1.322835 -0.914062 -1.795276 
mdtBML5A15 0.773438 -0.519685 0.960938 -1.039370 
mdtBML5A11 0.773438 -2.125984 0.960938 -2.598425 
mdtBML5A09 0.773438 2.976378 0.960938 -2.976378 
mdtBML5A07 0.773438 2.598425 0.960938 2.125984 
mdtBML5A05 0.773438 1.795276 0.960938 1.322835 
mdtBML5A03 0.773438 1.039370 0.960938 0.519685 
mdtBML5A01 0.773438 0.236220 0.960938 -0.236220 
mdtBML5C15 -0.960938 -0.519685 -0.773438 -1.039370 
mdtBML5C11 -0.960938 -2.125984 -0.773438 -2.598425 
mdtBML5C09 -0.960938 2.976378 -0.773438 -2.976378 
mdtBML5C07 -0.960938 2.598425 -0.773438 2.125984 
mdtBML5C05 -0.960938 1.795276 -0.773438 1.322835 
mdtBML5C03 -0.960938 1.039370 -0.773438 0.519685 
mdtBML5C01 -0.960938 0.236220 -0.773438 -0.236220 
mdtBML4A15 0.632812 -0.519685 0.820312 -1.039370 
mdtBML5A13 0.773438 -1.322835 0.960938 -1.795276 
mdtBML4A11 0.632812 -2.125984 0.820312 -2.598425 
mdtBML4A09 0.632812 2.976378 0.820312 -2.976378 
mdtBML4A07 0.679688 2.598425 0.820312 2.125984 
mdtBML4A05 0.632812 1.795276 0.820312 1.322835 
mdtBML4A03 0.632812 1.039370 0.820312 0.519685 
mdtBML4A01 0.679688 0.236220 0.820312 -0.236220 
mdtBML4C15 -0.820312 -0.519685 -0.632812 -1.039370 
mdtBML5C13 -0.960938 -1.322835 -0.773438 -1.795276 
mdtBML4C11 -0.820312 -2.125984 -0.632812 -2.598425 
mdtBML4C09 -0.820312 2.976378 -0.632812 -2.976378 
mdtBML4C07 -0.820312 2.598425 -0.632812 2.125984 
mdtBML4C05 -0.820312 1.795276 -0.632812 1.322835 
mdtBML4C03 -0.820312 1.039370 -0.632812 0.519685 
mdtBML4C01 -0.820312 0.236220 -0.632812 -0.236220 
mdtBML3A15 0.445312 -0.519685 0.679688 -1.039370 
mdtBML3A13 0.445312 -1.322835 0.679688 -1.795276 
mdtBML3A11 0.445312 -2.125984 0.679688 -2.598425 
mdtBML3A09 0.445312 2.976378 0.679688 -2.976378 
mdtBML3A07 0.445312 2.598425 0.679688 2.125984 
mdtBML3A05 0.445312 1.795276 0.679688 1.322835 
mdtBML3A03 0.445312 1.039370 0.679688 0.519685 
mdtBML3A01 0.445312 0.236220 0.679688 -0.236220 
mdtBML2A15 0.257812 -0.519685 0.492188 -1.039370 
mdtBML2A13 0.257812 -1.322835 0.492188 -1.795276 
mdtBML2A11 0.257812 -2.125984 0.492188 -2.598425 
mdtBML2A09 0.257812 2.976378 0.492188 -2.976378 
mdtBML2A07 0.257812 2.598425 0.492188 2.125984 
mdtBML2A05 0.257812 1.795276 0.492188 1.322835 
mdtBML2A03 0.257812 1.039370 0.492188 0.519685 
mdtBML2A01 0.257812 0.236220 0.492188 -0.236220 
mdtBML2C15 -0.492188 -0.519685 -0.257812 -1.039370 
mdtBML2C13 -0.492188 -1.322835 -0.257812 -1.795276 
mdtBML2C11 -0.492188 -2.125984 -0.257812 -2.598425 
mdtBML2C09 -0.492188 2.976378 -0.257812 -2.976378 
mdtBML2C07 -0.492188 2.598425 -0.257812 2.125984 
mdtBML2C05 -0.492188 1.842520 -0.257812 1.322835 
mdtBML2C03 -0.492188 1.039370 -0.257812 0.519685 
mdtBML2C01 -0.492188 0.236220 -0.257812 -0.236220 
mdtBML3C15 -0.679688 -0.519685 -0.445312 -1.039370 
mdtBML3C13 -0.679688 -1.322835 -0.445312 -1.795276 
mdtBML3C11 -0.679688 -2.125984 -0.445312 -2.598425 
mdtBML3C09 -0.679688 2.976378 -0.445312 -2.976378 
mdtBML3C07 -0.679688 2.598425 -0.445312 2.125984 
mdtBML3C05 -0.679688 1.795276 -0.445312 1.322835 
mdtBML3C03 -0.679688 1.039370 -0.445312 0.519685 
mdtBML3C01 -0.679688 0.236220 -0.445312 -0.236220 
mdtBML1C07 -0.257812 2.598425 -0.117188 2.125984 
mdtBML1A09 0.117188 2.976378 0.257812 -2.976378 
mdtBML1A07 0.117188 2.598425 0.257812 2.125984 
mdtBML1A15 0.070312 -0.566929 0.257812 -1.039370 
mdtBML1A11 0.070312 -2.125984 0.257812 -2.598425 
mdtBML1C15 -0.257812 -0.519685 -0.070312 -1.039370 
mdtBML1C11 -0.257812 -2.125984 -0.070312 -2.598425 
mdtBML1C05 -0.257812 1.795276 -0.070312 1.322835 
mdtBML1A13 0.070312 -1.322835 0.257812 -1.795276 
mdtBML1A05 0.070312 1.795276 0.257812 1.322835 
mdtBML1A03 0.023438 1.039370 0.257812 0.519685 
mdtBML1A01 0.023438 0.236220 0.257812 -0.236220 
mdtBML1C13 -0.257812 -1.322835 -0.023438 -1.795276 
mdtBML1C09 -0.257812 2.976378 -0.070312 -2.976378 
mdtBML1C03 -0.257812 1.039370 -0.070312 0.519685 
mdtBML1C01 -0.257812 0.236220 -0.117188 -0.236220 
mdtBEE2A08 1.570312 -0.283465 1.710938 -0.472441 
mdtBEE2A07 1.570312 -1.086614 1.710938 -1.275591 
mdtBEE2A06 1.570312 -1.842520 1.710938 -2.078740 
mdtBEE2A05 1.570312 -2.645669 1.710938 -2.834646 
mdtBEE2A04 1.570312 2.834646 1.710938 2.645669 
mdtBEE2A03 1.570312 2.078740 1.710938 1.842520 
mdtBEE2A02 1.570312 1.275591 1.710938 1.086614 
mdtBEE2A01 1.570312 0.472441 1.710938 0.283465 
mdtBEE2C08 -1.710938 -0.283465 -1.570312 -0.472441 
mdtBEE2C07 -1.710938 -1.086614 -1.570312 -1.275591 
mdtBEE2C06 -1.710938 -1.889764 -1.570312 -2.078740 
mdtBEE2C05 -1.710938 -2.645669 -1.570312 -2.834646 
mdtBEE2C04 -1.710938 2.834646 -1.570312 2.645669 
mdtBEE2C03 -1.710938 2.078740 -1.570312 1.889764 
mdtBEE2C02 -1.710938 1.275591 -1.570312 1.086614 
mdtBEE2C01 -1.710938 0.472441 -1.570312 0.283465 
mdtBEE1A08 1.429688 -0.283465 1.570312 -0.472441 
mdtBEE1A07 1.429688 -1.086614 1.570312 -1.275591 
mdtBEE1A06 1.429688 -1.842520 1.570312 -2.078740 
mdtBEE1A05 1.429688 -2.645669 1.570312 -2.834646 
mdtBEE1A04 1.429688 2.834646 1.570312 2.645669 
mdtBEE1A03 1.429688 2.078740 1.570312 1.842520 
mdtBEE1A02 1.429688 1.275591 1.570312 1.086614 
mdtBEE1A01 1.429688 0.472441 1.570312 0.283465 
mdtBEE1C08 -1.570312 -0.283465 -1.429688 -0.472441 
mdtBEE1C07 -1.570312 -1.086614 -1.429688 -1.275591 
mdtBEE1C06 -1.570312 -1.889764 -1.429688 -2.078740 
mdtBEE1C05 -1.570312 -2.645669 -1.429688 -2.834646 
mdtBEE1C04 -1.570312 2.834646 -1.429688 2.645669 
mdtBEE1C03 -1.570312 2.078740 -1.429688 1.889764 
mdtBEE1C02 -1.570312 1.275591 -1.429688 1.086614 
mdtBEE1C01 -1.570312 0.472441 -1.429688 0.283465 
mdtBIS8A16 1.195312 -0.330709 1.242188 -0.472441 
mdtBIS8A14 1.195312 -1.133858 1.242188 -1.275591 
mdtBIS8A12 1.195312 -1.889764 1.242188 -2.078740 
mdtBIS8A10 1.195312 -2.692913 1.242188 -2.834646 
mdtBIS8A08 1.195312 2.787402 1.242188 2.645669 
mdtBIS8A06 1.195312 2.031496 1.242188 1.842520 
mdtBIS8A04 1.195312 1.228346 1.242188 1.086614 
mdtBIS8A02 1.195312 0.472441 1.242188 0.283465 
mdtBIS8C16 -1.242188 -0.330709 -1.195312 -0.472441 
mdtBIS8C14 -1.242188 -1.133858 -1.195312 -1.275591 
mdtBIS8C12 -1.242188 -1.889764 -1.195312 -2.078740 
mdtBIS8C10 -1.242188 -2.692913 -1.195312 -2.834646 
mdtBIS8C08 -1.242188 2.834646 -1.195312 2.645669 
mdtBIS8C06 -1.242188 2.031496 -1.195312 1.889764 
mdtBIS8C04 -1.242188 1.228346 -1.195312 1.086614 
mdtBIS8C02 -1.242188 0.472441 -1.195312 0.283465 
mdtBIS7A06 1.054688 2.125984 1.195312 1.795276 
mdtBIS7A04 1.007812 1.370079 1.195312 0.992126 
mdtBIS7A02 1.054688 0.566929 1.195312 0.236220 
mdtBIS7C06 -1.195312 2.125984 -1.007812 1.795276 
mdtBIS7C04 -1.195312 1.370079 -1.007812 0.992126 
mdtBIS7C02 -1.195312 0.566929 -1.054688 0.236220 
mdtBIS7A16 1.054688 -0.236220 1.195312 -0.566929 
mdtBIS7A14 1.054688 -0.992126 1.195312 -1.370079 
mdtBIS7A12 1.054688 -1.795276 1.195312 -2.125984 
mdtBIS7A10 1.054688 -2.551181 1.195312 -2.929134 
mdtBIS7A08 1.054688 2.929134 1.195312 2.551181 
mdtBIS7C16 -1.195312 -0.236220 -1.054688 -0.566929 
mdtBIS7C14 -1.195312 -0.992126 -1.054688 -1.370079 
mdtBIS7C12 -1.195312 -1.795276 -1.054688 -2.125984 
mdtBIS7C10 -1.195312 -2.551181 -1.054688 -2.929134 
mdtBIS7C08 -1.195312 2.929134 -1.054688 2.551181 
mdtBIS6A16 0.914062 -0.236220 1.101562 -0.566929 
mdtBIS6A14 0.914062 -0.992126 1.101562 -1.370079 
mdtBIS6A12 0.914062 -1.795276 1.101562 -2.125984 
mdtBIS6A10 0.914062 -2.551181 1.101562 -2.929134 
mdtBIS6A08 0.914062 2.929134 1.101562 2.551181 
mdtBIS6A06 0.914062 2.125984 1.054688 1.795276 
mdtBIS6A04 0.914062 1.370079 1.054688 0.992126 
mdtBIS6A02 0.914062 0.566929 1.054688 0.236220 
mdtBIS6C16 -1.101562 -0.236220 -0.914062 -0.566929 
mdtBIS6C14 -1.101562 -0.992126 -0.914062 -1.370079 
mdtBIS6C12 -1.101562 -1.795276 -0.914062 -2.125984 
mdtBIS6C10 -1.101562 -2.551181 -0.914062 -2.929134 
mdtBIS6C08 -1.101562 2.929134 -0.914062 2.551181 
mdtBIS6C06 -1.054688 2.125984 -0.914062 1.795276 
mdtBIS6C04 -1.054688 1.370079 -0.914062 0.992126 
mdtBIS6C02 -1.054688 0.566929 -0.914062 0.236220 
mdtBIS5A16 0.773438 -0.236220 0.960938 -0.566929 
mdtBIS5A14 0.773438 -0.992126 0.960938 -1.370079 
mdtBIS5A12 0.773438 -1.795276 0.960938 -2.125984 
mdtBIS5A10 0.773438 -2.551181 0.960938 -2.929134 
mdtBIS5A08 0.773438 2.929134 0.960938 2.551181 
mdtBIS5A06 0.773438 2.125984 0.914062 1.795276 
mdtBIS5A04 0.773438 1.370079 0.914062 0.992126 
mdtBIS5A02 0.773438 0.566929 0.914062 0.236220 
mdtBIS5C16 -0.960938 -0.236220 -0.773438 -0.566929 
mdtBIS5C14 -0.960938 -0.992126 -0.773438 -1.370079 
mdtBIS5C12 -0.960938 -1.795276 -0.773438 -2.125984 
mdtBIS5C10 -0.960938 -2.551181 -0.773438 -2.929134 
mdtBIS5C08 -0.960938 2.929134 -0.773438 2.551181 
mdtBIS5C06 -0.914062 2.125984 -0.773438 1.795276 
mdtBIS5C04 -0.914062 1.370079 -0.773438 0.992126 
mdtBIS5C02 -0.914062 0.566929 -0.773438 0.236220 
mdtBIS4A16 0.632812 -0.236220 0.820312 -0.566929 
mdtBIS4A14 0.632812 -0.992126 0.820312 -1.370079 
mdtBIS4A12 0.632812 -1.795276 0.820312 -2.125984 
mdtBIS4A10 0.632812 -2.551181 0.820312 -2.929134 
mdtBIS4A08 0.632812 2.929134 0.820312 2.551181 
mdtBIS4A06 0.585938 2.125984 0.773438 1.795276 
mdtBIS4A04 0.585938 1.370079 0.773438 0.992126 
mdtBIS4A02 0.585938 0.566929 0.773438 0.236220 
mdtBIS4C16 -0.820312 -0.236220 -0.632812 -0.566929 
mdtBIS4C14 -0.820312 -0.992126 -0.632812 -1.370079 
mdtBIS4C12 -0.820312 -1.795276 -0.632812 -2.125984 
mdtBIS4C10 -0.820312 -2.551181 -0.632812 -2.929134 
mdtBIS4C08 -0.820312 2.929134 -0.632812 2.551181 
mdtBIS4C06 -0.773438 2.125984 -0.585938 1.795276 
mdtBIS4C04 -0.773438 1.370079 -0.585938 0.992126 
mdtBIS4C02 -0.773438 0.566929 -0.585938 0.236220 
mdtBIS3A16 0.398438 -0.236220 0.632812 -0.566929 
mdtBIS3A14 0.445312 -0.992126 0.632812 -1.370079 
mdtBIS3A12 0.445312 -1.795276 0.632812 -2.125984 
mdtBIS3A10 0.398438 -2.551181 0.632812 -2.929134 
mdtBIS3A08 0.445312 2.929134 0.632812 2.551181 
mdtBIS3A06 0.445312 2.125984 0.632812 1.795276 
mdtBIS3A04 0.445312 1.370079 0.632812 0.992126 
mdtBIS3A02 0.445312 0.566929 0.632812 0.236220 
mdtBIS3C16 -0.632812 -0.236220 -0.445312 -0.566929 
mdtBIS3C14 -0.632812 -0.992126 -0.445312 -1.370079 
mdtBIS3C12 -0.632812 -1.795276 -0.445312 -2.125984 
mdtBIS3C10 -0.632812 -2.551181 -0.398438 -2.929134 
mdtBIS3C08 -0.632812 2.929134 -0.398438 2.551181 
mdtBIS3C06 -0.632812 2.125984 -0.398438 1.795276 
mdtBIS3C04 -0.632812 1.370079 -0.445312 0.992126 
mdtBIS3C02 -0.632812 0.566929 -0.445312 0.236220 
mdtBIS2A16 0.257812 -0.236220 0.445312 -0.566929 
mdtBIS2A14 0.257812 -0.992126 0.445312 -1.370079 
mdtBIS2A12 0.257812 -1.795276 0.445312 -2.125984 
mdtBIS2A10 0.257812 -2.551181 0.445312 -2.929134 
mdtBIS2A08 0.257812 2.929134 0.445312 2.551181 
mdtBIS2A06 0.257812 2.125984 0.445312 1.795276 
mdtBIS2A04 0.257812 1.370079 0.445312 0.992126 
mdtBIS2A02 0.257812 0.566929 0.445312 0.236220 
mdtBIS2C16 -0.445312 -0.236220 -0.257812 -0.566929 
mdtBIS2C14 -0.445312 -0.992126 -0.257812 -1.370079 
mdtBIS2C12 -0.445312 -1.795276 -0.257812 -2.125984 
mdtBIS2C10 -0.445312 -2.551181 -0.257812 -2.929134 
mdtBIS2C08 -0.445312 2.929134 -0.257812 2.551181 
mdtBIS2C06 -0.445312 2.125984 -0.257812 1.795276 
mdtBIS2C04 -0.445312 1.370079 -0.257812 0.992126 
mdtBIS2C02 -0.445312 0.566929 -0.257812 0.236220 
mdtBIS1A16 0.023438 -0.236220 0.257812 -0.566929 
mdtBIS1A14 0.023438 -0.992126 0.257812 -1.370079 
mdtBIS1A12 0.023438 -1.795276 0.257812 -2.125984 
mdtBIS1A10 0.023438 -2.551181 0.257812 -2.929134 
mdtBIS1A08 0.023438 2.929134 0.257812 2.551181 
mdtBIS1A06 0.023438 2.125984 0.257812 1.795276 
mdtBIS1A04 0.023438 1.370079 0.257812 0.992126 
mdtBIS1A02 0.023438 0.566929 0.257812 0.236220 
mdtBIS1C16 -0.257812 -0.236220 -0.023438 -0.566929 
mdtBIS1C14 -0.257812 -0.992126 -0.023438 -1.370079 
mdtBIS1C12 -0.257812 -1.795276 -0.023438 -2.125984 
mdtBIS1C10 -0.257812 -2.551181 -0.023438 -2.929134 
mdtBIS1C08 -0.257812 2.929134 -0.023438 2.551181 
mdtBIS1C06 -0.257812 2.125984 -0.023438 1.795276 
mdtBIS1C04 -0.257812 1.370079 -0.023438 0.992126 
mdtBIS1C02 -0.257812 0.566929 -0.023438 0.236220 
mdtBIR6A08 0.867188 -0.755906 1.007812 -0.944882 
mdtBIR6A06 0.867188 -2.173228 1.007812 -2.362205 
mdtBIR6C08 -1.007812 -0.755906 -0.867188 -0.944882 
mdtBIR6C06 -1.007812 -2.173228 -0.867188 -2.362205 
mdtBIR5A08 0.773438 -0.755906 0.914062 -0.992126 
mdtBIR5A06 0.773438 -2.125984 0.867188 -2.362205 
mdtBIR5C08 -0.914062 -0.755906 -0.773438 -1.039370 
mdtBIR5C06 -0.914062 -2.125984 -0.773438 -2.362205 
mdtBIR5A08 0.773438 -0.755906 0.914062 -0.992126 
mdtBIR5A06 0.773438 -2.125984 0.867188 -2.362205 
mdtBIR5C08 -0.914062 -0.755906 -0.773438 -1.039370 
mdtBIR5C06 -0.914062 -2.125984 -0.773438 -2.362205 
mdtBIR4A08 0.585938 -0.755906 0.726562 -1.039370 
mdtBIR4A06 0.585938 -2.125984 0.726562 -2.362205 
mdtBIR4C08 -0.726562 -0.755906 -0.585938 -1.039370 
mdtBIR4C06 -0.726562 -2.125984 -0.585938 -2.362205 
mdtBIR4A08 0.585938 -0.755906 0.726562 -1.039370 
mdtBIR4A06 0.585938 -2.125984 0.726562 -2.362205 
mdtBIR4C08 -0.726562 -0.755906 -0.585938 -1.039370 
mdtBIR4C06 -0.726562 -2.125984 -0.585938 -2.362205 
mdtBIR3A08 0.445312 -0.755906 0.632812 -0.944882 
mdtBIR3A06 0.445312 -2.173228 0.632812 -2.362205 
mdtBIR3C08 -0.632812 -0.803150 -0.445312 -0.944882 
mdtBIR3C06 -0.632812 -2.173228 -0.445312 -2.362205 
mdtBIR2A08 0.304688 -0.755906 0.445312 -1.039370 
mdtBIR2A06 0.304688 -2.125984 0.445312 -2.362205 
mdtBIR2C08 -0.445312 -0.755906 -0.304688 -1.039370 
mdtBIR2C06 -0.445312 -2.125984 -0.304688 -2.362205 
mdtBIR2A08 0.304688 -0.755906 0.445312 -1.039370 
mdtBIR2A06 0.304688 -2.125984 0.445312 -2.362205 
mdtBIR2C08 -0.445312 -0.755906 -0.304688 -1.039370 
mdtBIR2C06 -0.445312 -2.125984 -0.304688 -2.362205 
mdtBIR1A08 0.070312 -0.566929 0.257812 -1.039370 
mdtBIR1A06 0.070312 -2.125984 0.257812 -2.551181 
mdtBIR1C08 -0.257812 -0.566929 -0.070312 -1.039370 
mdtBIR1C06 -0.257812 -2.125984 -0.070312 -2.551181 
mdtBIR1A08 0.070312 -0.566929 0.257812 -1.039370 
mdtBIR1A06 0.070312 -2.125984 0.257812 -2.551181 
mdtBIR1C08 -0.257812 -0.566929 -0.070312 -1.039370 
mdtBIR1C06 -0.257812 -2.125984 -0.070312 -2.551181 
mdtBIM5A08 0.867188 -0.519685 1.054688 -0.803150 
mdtBIM5A06 0.867188 -2.314961 1.054688 -2.598425 
mdtBIM5C08 -1.054688 -0.519685 -0.867188 -0.803150 
mdtBIM5C06 -1.054688 -2.314961 -0.867188 -2.598425 
mdtBIM4A08 0.726562 -0.519685 0.914062 -0.803150 
mdtBIM4A06 0.726562 -2.314961 0.914062 -2.598425 
mdtBIM4C08 -0.914062 -0.519685 -0.726562 -0.803150 
mdtBIM4C06 -0.914062 -2.314961 -0.726562 -2.598425 
mdtBIM3A08 0.539062 -0.519685 0.773438 -0.803150 
mdtBIM3A06 0.539062 -2.314961 0.773438 -2.598425 
mdtBIM3C08 -0.773438 -0.519685 -0.539062 -0.803150 
mdtBIM3C06 -0.773438 -2.314961 -0.539062 -2.598425 
mdtBIM2A08 0.398438 -0.566929 0.585938 -0.803150 
mdtBIM2A06 0.398438 -2.314961 0.585938 -2.598425 
mdtBIM2C08 -0.585938 -0.519685 -0.398438 -0.803150 
mdtBIM2C06 -0.585938 -2.314961 -0.398438 -2.598425 
mdtBIM1A08 0.210938 -0.519685 0.398438 -0.803150 
mdtBIM1A06 0.210938 -2.314961 0.398438 -2.598425 
mdtBIM1C08 -0.398438 -0.519685 -0.210938 -0.803150 
mdtBIM1C06 -0.398438 -2.314961 -0.210938 -2.598425 
mdtBIL6A13 0.914062 -1.322835 1.101562 -1.842520 
mdtBIL6A07 0.914062 2.645669 1.101562 2.078740 
mdtBIL6C13 -1.101562 -1.322835 -0.914062 -1.842520 
mdtBIL6C07 -1.101562 2.598425 -0.914062 2.078740 
mdtBIL6A09 0.914062 2.976378 1.101562 -2.976378 
mdtBIL6A05 0.914062 1.842520 1.101562 1.322835 
mdtBIL6A03 0.914062 1.039370 1.101562 0.519685 
mdtBIL6A01 0.914062 0.283465 1.101562 -0.283465 
mdtBIL6C09 -1.101562 2.976378 -0.914062 -2.976378 
mdtBIL6C05 -1.148438 1.842520 -0.914062 1.322835 
mdtBIL6C03 -1.101562 1.039370 -0.914062 0.519685 
mdtBIL6C01 -1.101562 0.283465 -0.914062 -0.283465 
mdtBIL5A13 0.773438 -1.322835 0.960938 -1.842520 
mdtBIL5A09 0.773438 2.976378 0.960938 -2.976378 
mdtBIL5A07 0.773438 2.645669 0.960938 2.078740 
mdtBIL5A05 0.773438 1.842520 0.960938 1.322835 
mdtBIL5A03 0.773438 1.039370 0.960938 0.519685 
mdtBIL5A01 0.773438 0.283465 0.960938 -0.283465 
mdtBIL5C13 -0.960938 -1.322835 -0.773438 -1.842520 
mdtBIL5C09 -0.960938 2.976378 -0.773438 -2.976378 
mdtBIL5C07 -0.960938 2.645669 -0.773438 2.078740 
mdtBIL5C05 -0.960938 1.842520 -0.773438 1.322835 
mdtBIL5C03 -0.960938 1.039370 -0.773438 0.519685 
mdtBIL5C01 -0.960938 0.283465 -0.773438 -0.283465 
mdtBIL4A13 0.632812 -1.322835 0.820312 -1.842520 
mdtBIL4C13 -0.820312 -1.322835 -0.632812 -1.842520 
mdtBIL4A09 0.632812 2.976378 0.820312 -2.976378 
mdtBIL4A07 0.632812 2.645669 0.867188 2.078740 
mdtBIL4A05 0.632812 1.842520 0.867188 1.322835 
mdtBIL4A03 0.632812 1.039370 0.867188 0.519685 
mdtBIL4A01 0.632812 0.283465 0.867188 -0.283465 
mdtBIL4C09 -0.820312 2.976378 -0.632812 -2.976378 
mdtBIL4C07 -0.867188 2.598425 -0.632812 2.078740 
mdtBIL4C05 -0.867188 1.842520 -0.632812 1.322835 
mdtBIL4C03 -0.867188 1.039370 -0.632812 0.519685 
mdtBIL4C01 -0.867188 0.283465 -0.632812 -0.283465 
mdtBIL3A05 0.445312 1.842520 0.679688 1.322835 
mdtBIL3C05 -0.679688 1.842520 -0.445312 1.322835 
mdtBIL3A13 0.445312 -1.322835 0.632812 -1.842520 
mdtBIL3A09 0.445312 2.976378 0.632812 -2.976378 
mdtBIL3A07 0.445312 2.598425 0.632812 2.078740 
mdtBIL3A03 0.445312 1.039370 0.632812 0.519685 
mdtBIL3A01 0.445312 0.283465 0.632812 -0.236220 
mdtBIL3C13 -0.632812 -1.322835 -0.445312 -1.842520 
mdtBIL3C09 -0.632812 2.976378 -0.445312 -2.976378 
mdtBIL3C07 -0.632812 2.645669 -0.445312 2.078740 
mdtBIL3C03 -0.632812 1.039370 -0.445312 0.519685 
mdtBIL3C01 -0.632812 0.283465 -0.445312 -0.283465 
mdtBIL2A13 0.257812 -1.322835 0.492188 -1.842520 
mdtBIL2A09 0.257812 2.976378 0.445312 -2.976378 
mdtBIL2A07 0.257812 2.598425 0.492188 2.078740 
mdtBIL2A05 0.257812 1.842520 0.492188 1.322835 
mdtBIL2A03 0.257812 1.039370 0.492188 0.519685 
mdtBIL2A01 0.257812 0.283465 0.492188 -0.283465 
mdtBIL2C13 -0.492188 -1.322835 -0.257812 -1.842520 
mdtBIL2C09 -0.445312 2.976378 -0.257812 -2.976378 
mdtBIL2C07 -0.492188 2.645669 -0.257812 2.078740 
mdtBIL2C05 -0.492188 1.842520 -0.257812 1.322835 
mdtBIL2C03 -0.492188 1.039370 -0.257812 0.519685 
mdtBIL2C01 -0.492188 0.283465 -0.257812 -0.283465 
mdtBIL1C13 -0.257812 -1.322835 -0.023438 -1.842520 
mdtBIL1C07 -0.257812 2.645669 -0.117188 2.078740 
mdtBIL1C09 -0.257812 2.976378 -0.117188 -2.976378 
mdtBIL1C05 -0.257812 1.842520 -0.070312 1.322835 
mdtBIL1C03 -0.257812 1.039370 -0.070312 0.519685 
mdtBIL1C01 -0.257812 0.283465 -0.070312 -0.283465 
mdtBIL1A07 0.117188 2.645669 0.257812 2.078740 
mdtBIL1A13 0.070312 -1.322835 0.257812 -1.842520 
mdtBIL1A09 0.117188 2.976378 0.257812 -2.976378 
mdtBIL1A05 0.070312 1.842520 0.257812 1.322835 
mdtBIL1A03 0.070312 1.039370 0.257812 0.519685 
mdtBIL1A01 0.070312 0.283465 0.