rpcBOL8A07 0.539062 -1.464567 0.539062 -1.559055 
rpcBOL8C07 -0.539062 -1.606299 -0.539062 -1.606299 
rpcBME1A07 0.679688 -1.464567 0.820312 -1.653543 
rpcBME1C07 -0.773438 -1.464567 -0.726562 -1.700787 
rpcBOG4A07 0.960938 -1.275591 0.960938 -1.275591 
rpcBOG4A06 0.960938 -1.795276 0.960938 -2.078740 
rpcBOG4C06 -1.007812 -2.031496 -0.914062 -2.125984 
rpcBOG3A07 0.773438 -1.039370 0.820312 -1.275591 
rpcBOG3A06 0.726562 -1.984252 0.773438 -2.031496 
rpcBOG3C07 -0.820312 -1.133858 -0.773438 -1.275591 
rpcBOG3C06 -0.820312 -1.842520 -0.820312 -2.078740 
rpcBOG2A07 0.585938 -1.133858 0.585938 -1.275591 
rpcBOG2A06 0.585938 -1.889764 0.632812 -1.937008 
rpcBOG2C07 -0.585938 -1.086614 -0.585938 -1.086614 
rpcBOG2C06 -0.585938 -2.031496 -0.585938 -2.031496 
rpcBOG1A07 0.351562 -1.133858 0.351562 -1.228346 
rpcBOG1A06 0.304688 -1.889764 0.351562 -1.984252 
rpcBOG1C07 -0.304688 -1.039370 -0.304688 -1.275591 
rpcBOG1C06 -0.351562 -2.031496 -0.304688 -2.078740 
rpcBOG0A07 -0.023438 -1.086614 0.023438 -1.275591 
rpcBOG0A06 -0.023438 -1.937008 0.023438 -2.031496 
rpcBOF4A07 0.820312 -1.133858 0.867188 -1.322835 
rpcBOF4A06 0.867188 -1.984252 0.914062 -2.031496 
rpcBOF4C07 -0.867188 -1.133858 -0.867188 -1.370079 
rpcBOF4C06 -0.914062 -1.889764 -0.820312 -2.078740 
rpcBOF3A07 0.726562 -0.992126 0.773438 -1.275591 
rpcBOF3A06 0.632812 -1.842520 0.726562 -2.031496 
rpcBOF3C07 -0.773438 -1.039370 -0.632812 -1.228346 
rpcBOF3C06 -0.726562 -1.795276 -0.632812 -2.125984 
rpcBOF2A07 0.492188 -1.181102 0.492188 -1.181102 
rpcBOF2A06 0.398438 -1.795276 0.398438 -1.795276 
rpcBOF2C07 -0.492188 -1.039370 -0.351562 -1.275591 
rpcBOF2C06 -0.492188 -1.795276 -0.351562 -2.078740 
rpcBOF1A07 0.164062 -1.086614 0.210938 -1.275591 
rpcBOF1A06 0.070312 -1.889764 0.210938 -1.984252 
rpcBOF1C07 -0.257812 -1.086614 -0.070312 -1.322835 
rpcBOF1C06 -0.210938 -1.795276 -0.070312 -1.937008 
rpcBMF3A07 0.820312 -1.133858 0.867188 -1.322835 
rpcBMF3A06 0.773438 -1.984252 0.914062 -2.031496 
rpcBMF3C07 -0.867188 -1.133858 -0.820312 -1.370079 
rpcBMF3C06 -0.914062 -1.842520 -0.820312 -2.078740 
rpcBMF3A07 0.820312 -1.133858 0.867188 -1.322835 
rpcBMF3A06 0.773438 -1.984252 0.914062 -2.031496 
rpcBMF3C07 -0.867188 -1.133858 -0.820312 -1.370079 
rpcBMF3C06 -0.914062 -1.842520 -0.820312 -2.078740 
rpcBMF2A07 0.492188 -1.133858 0.585938 -1.275591 
rpcBMF2A06 0.585938 -1.889764 0.632812 -1.937008 
rpcBMF2C07 -0.679688 -1.086614 -0.492188 -1.181102 
rpcBMF2C06 -0.679688 -1.795276 -0.492188 -2.125984 
rpcBMF1A07 0.164062 -1.086614 0.304688 -1.275591 
rpcBMF1A06 0.070312 -1.889764 0.304688 -1.937008 
rpcBMF1C07 -0.304688 -1.039370 -0.070312 -1.322835 
rpcBMF1C06 -0.304688 -1.795276 -0.117188 -2.125984 
rpcBOS6A08 1.007812 -0.425197 1.007812 -0.566929 
rpcBOS6A05 0.914062 -2.598425 1.054688 -2.929134 
rpcBOS6A04 0.914062 2.692913 1.054688 2.598425 
rpcBOS6A03 0.960938 2.031496 1.007812 1.889764 
rpcBOS6A02 1.007812 1.039370 1.007812 1.039370 
rpcBOS6A01 0.960938 0.519685 1.054688 0.236220 
rpcBOS6C08 -1.007812 -0.283465 -0.960938 -0.472441 
rpcBOS6C05 -1.054688 -2.645669 -0.960938 -2.787402 
rpcBOS6C04 -1.007812 2.929134 -0.960938 2.598425 
rpcBOS6C03 -1.054688 2.078740 -1.007812 1.889764 
rpcBOS6C02 -1.054688 1.275591 -0.914062 1.086614 
rpcBOS6C01 -1.007812 0.425197 -0.960938 0.377953 
rpcBOS5A08 0.773438 -0.519685 0.773438 -0.519685 
rpcBOS5A05 0.867188 -2.881890 0.867188 -2.881890 
rpcBOS5A04 0.773438 2.929134 0.914062 2.598425 
rpcBOS5A03 0.773438 2.078740 0.820312 1.984252 
rpcBOS5A02 0.820312 1.181102 0.820312 1.086614 
rpcBOS5A01 0.820312 0.377953 0.867188 0.236220 
rpcBOS5C05 -0.914062 -2.692913 -0.914062 -2.834646 
rpcBOS5C04 -0.914062 2.881890 -0.820312 2.692913 
rpcBOS5C03 -0.867188 1.937008 -0.867188 1.937008 
rpcBOS5C02 -0.914062 1.275591 -0.820312 1.181102 
rpcBOS5C01 -0.914062 0.566929 -0.820312 0.330709 
rpcBOS4A08 0.632812 -0.519685 0.632812 -0.519685 
rpcBOS4A04 0.632812 2.692913 0.726562 2.645669 
rpcBOS4A03 0.585938 2.125984 0.773438 1.842520 
rpcBOS4A02 0.585938 1.322835 0.773438 1.039370 
rpcBOS4A01 0.585938 0.519685 0.679688 0.283465 
rpcBOS4C08 -0.726562 -0.236220 -0.632812 -0.377953 
rpcBOS4C05 -0.726562 -2.598425 -0.632812 -2.881890 
rpcBOS4C04 -0.773438 2.834646 -0.632812 2.645669 
rpcBOS4C03 -0.773438 1.984252 -0.632812 1.842520 
rpcBOS4C02 -0.632812 1.086614 -0.585938 1.039370 
rpcBOS4C01 -0.726562 0.519685 -0.632812 0.236220 
rpcBOS3A08 0.492188 -0.425197 0.492188 -0.425197 
rpcBOS3A05 0.445312 -2.598425 0.585938 -2.881890 
rpcBOS3A04 0.445312 2.881890 0.539062 2.692913 
rpcBOS3A03 0.445312 2.125984 0.585938 1.889764 
rpcBOS3A02 0.445312 1.322835 0.492188 1.039370 
rpcBOS3A01 0.492188 0.566929 0.539062 0.283465 
rpcBOS3C08 -0.539062 -0.236220 -0.445312 -0.566929 
rpcBOS3C05 -0.585938 -2.645669 -0.398438 -2.834646 
rpcBOS3C04 -0.539062 2.834646 -0.398438 2.598425 
rpcBOS3C03 -0.585938 2.125984 -0.445312 1.795276 
rpcBOS3C02 -0.445312 1.275591 -0.445312 1.275591 
rpcBOS3C01 -0.585938 0.425197 -0.492188 0.425197 
rpcBOS2A08 0.210938 -0.236220 0.351562 -0.519685 
rpcBOS2A05 0.210938 -2.598425 0.398438 -2.881890 
rpcBOS2A04 0.210938 2.740157 0.210938 2.740157 
rpcBOS2A03 0.257812 2.125984 0.304688 1.795276 
rpcBOS2A02 0.210938 1.322835 0.398438 1.039370 
rpcBOS2A01 0.210938 0.472441 0.351562 0.236220 
rpcBOS2C08 -0.398438 -0.236220 -0.210938 -0.425197 
rpcBOS2C05 -0.398438 -2.598425 -0.210938 -2.881890 
rpcBOS2C04 -0.351562 2.881890 -0.257812 2.645669 
rpcBOS2C03 -0.351562 2.125984 -0.257812 1.795276 
rpcBOS2C02 -0.398438 1.322835 -0.304688 1.039370 
rpcBOS2C01 -0.257812 0.472441 -0.257812 0.425197 
rpcBOS1A08 0.023438 -0.236220 0.164062 -0.425197 
rpcBOS1A05 0.023438 -2.645669 0.164062 -2.834646 
rpcBOS1A04 0.070312 2.692913 0.210938 2.645669 
rpcBOS1A03 0.023438 2.078740 0.164062 1.937008 
rpcBOS1A02 0.023438 1.322835 0.070312 1.181102 
rpcBOS1A01 0.023438 0.566929 0.210938 0.236220 
rpcBOS1C08 -0.117188 -0.236220 -0.023438 -0.472441 
rpcBOS1C05 -0.164062 -2.645669 -0.117188 -2.881890 
rpcBOS1C04 -0.164062 2.834646 -0.117188 2.692913 
rpcBOS1C03 -0.164062 2.125984 -0.023438 1.795276 
rpcBOS1C02 -0.164062 1.275591 -0.023438 1.133858 
rpcBOS1C01 -0.164062 0.330709 -0.023438 0.236220 
rpcBOL6A08 0.960938 -0.566929 1.007812 -0.944882 
rpcBOL6A07 0.960938 -1.417323 1.007812 -1.748031 
rpcBOL6A06 0.960938 -2.220472 1.007812 -2.503937 
rpcBOL6A05 0.960938 -2.881890 1.007812 -2.976378 
rpcBOL6A04 0.960938 2.503937 1.054688 2.220472 
rpcBOL6A03 0.914062 1.511811 0.914062 1.511811 
rpcBOL6A02 0.960938 0.803150 1.007812 0.566929 
rpcBOL6A01 0.960938 0.141732 1.007812 -0.188976 
rpcBOL6C08 -1.007812 -0.566929 -0.914062 -0.944882 
rpcBOL6C07 -1.054688 -1.370079 -0.960938 -1.748031 
rpcBOL6C06 -1.007812 -2.125984 -0.960938 -2.551181 
rpcBOL6C05 -1.007812 2.929134 -1.007812 2.929134 
rpcBOL6C04 -1.007812 2.173228 -1.007812 2.173228 
rpcBOL6C03 -1.007812 1.653543 -0.960938 1.511811 
rpcBOL6C02 -1.007812 0.708661 -0.960938 0.614173 
rpcBOL6C01 -1.007812 0.000000 -1.007812 0.000000 
rpcBOL5A08 0.773438 -0.661417 0.914062 -1.039370 
rpcBOL5A07 0.820312 -1.322835 0.914062 -1.653543 
rpcBOL5A06 0.773438 -2.220472 0.820312 -2.314961 
rpcBOL5A05 0.820312 2.976378 0.914062 -2.976378 
rpcBOL5A04 0.867188 2.598425 0.914062 2.503937 
rpcBOL5A03 0.773438 1.700787 0.914062 1.370079 
rpcBOL5A02 0.867188 0.992126 0.914062 0.897638 
rpcBOL5A01 0.820312 0.236220 0.914062 -0.188976 
rpcBOL5C08 -0.914062 -0.614173 -0.773438 -0.897638 
rpcBOL5C07 -0.914062 -1.370079 -0.773438 -1.748031 
rpcBOL5C06 -0.867188 -2.362205 -0.773438 -2.456693 
rpcBOL5C05 -0.914062 -2.929134 -0.867188 -2.976378 
rpcBOL5C04 -0.914062 2.409449 -0.820312 2.173228 
rpcBOL5C03 -0.914062 1.653543 -0.820312 1.511811 
rpcBOL5C02 -0.914062 0.944882 -0.773438 0.566929 
rpcBOL5C01 -0.867188 0.188976 -0.820312 -0.141732 
rpcBOL4A08 0.632812 -0.661417 0.726562 -0.992126 
rpcBOL4A07 0.632812 -1.370079 0.726562 -1.606299 
rpcBOL4A06 0.679688 -2.362205 0.773438 -2.362205 
rpcBOL4A05 0.726562 2.976378 0.726562 2.976378 
rpcBOL4A04 0.585938 2.503937 0.726562 2.125984 
rpcBOL4A03 0.632812 1.606299 0.632812 1.606299 
rpcBOL4A02 0.585938 1.039370 0.726562 0.755906 
rpcBOL4A01 0.632812 0.094488 0.726562 -0.188976 
rpcBOL4C08 -0.726562 -0.661417 -0.632812 -0.992126 
rpcBOL4C07 -0.773438 -1.464567 -0.632812 -1.795276 
rpcBOL4C06 -0.726562 -2.125984 -0.585938 -2.598425 
rpcBOL4C05 -0.773438 2.976378 -0.632812 -2.976378 
rpcBOL4C04 -0.726562 2.551181 -0.632812 2.173228 
rpcBOL4C03 -0.679688 1.700787 -0.679688 1.700787 
rpcBOL4C02 -0.679688 1.039370 -0.585938 0.566929 
rpcBOL4C01 -0.726562 0.236220 -0.632812 -0.236220 
rpcBOL3A08 0.445312 -0.708661 0.585938 -0.897638 
rpcBOL3A07 0.398438 -1.370079 0.445312 -1.795276 
rpcBOL3A06 0.539062 -2.314961 0.585938 -2.551181 
rpcBOL3A05 0.445312 2.929134 0.585938 2.881890 
rpcBOL3A04 0.445312 2.551181 0.585938 2.125984 
rpcBOL3A03 0.445312 1.748031 0.539062 1.370079 
rpcBOL3A02 0.492188 0.755906 0.539062 0.566929 
rpcBOL3A01 0.445312 0.047244 0.585938 -0.188976 
rpcBOL3C08 -0.539062 -0.566929 -0.445312 -0.850394 
rpcBOL3C07 -0.492188 -1.606299 -0.445312 -1.795276 
rpcBOL3C06 -0.585938 -2.173228 -0.445312 -2.551181 
rpcBOL3C05 -0.445312 2.929134 -0.445312 2.929134 
rpcBOL3C04 -0.539062 2.267717 -0.539062 2.267717 
rpcBOL3C03 -0.585938 1.795276 -0.445312 1.464567 
rpcBOL3C02 -0.492188 0.850394 -0.492188 0.850394 
rpcBOL3C01 -0.585938 0.094488 -0.445312 -0.141732 
rpcBOL2A08 0.257812 -0.614173 0.398438 -0.897638 
rpcBOL2A07 0.257812 -1.417323 0.351562 -1.653543 
rpcBOL2A06 0.257812 -2.125984 0.445312 -2.598425 
rpcBOL2A05 0.257812 2.976378 0.445312 -2.881890 
rpcBOL2A04 0.304688 2.551181 0.445312 2.173228 
rpcBOL2A03 0.210938 1.795276 0.445312 1.370079 
rpcBOL2A02 0.257812 1.039370 0.398438 0.614173 
rpcBOL2A01 0.257812 0.236220 0.445312 -0.188976 
rpcBOL2C08 -0.398438 -0.897638 -0.257812 -1.039370 
rpcBOL2C07 -0.351562 -1.511811 -0.257812 -1.795276 
rpcBOL2C06 -0.398438 -2.125984 -0.257812 -2.598425 
rpcBOL2C05 -0.398438 2.976378 -0.257812 -2.929134 
rpcBOL2C04 -0.445312 2.551181 -0.257812 2.125984 
rpcBOL2C03 -0.445312 1.795276 -0.351562 1.322835 
rpcBOL2C02 -0.445312 1.039370 -0.257812 0.614173 
rpcBOL2C01 -0.445312 0.188976 -0.257812 -0.236220 
rpcBOL1C08 -0.210938 -0.566929 -0.117188 -0.992126 
rpcBOL1C07 -0.210938 -1.322835 -0.070312 -1.795276 
rpcBOL1C06 -0.164062 -2.125984 -0.117188 -2.409449 
rpcBOL1C05 -0.210938 -2.881890 -0.070312 -2.976378 
rpcBOL1C04 -0.210938 2.503937 -0.164062 2.125984 
rpcBOL1C03 -0.304688 1.748031 -0.164062 1.370079 
rpcBOL1C02 -0.210938 0.897638 -0.117188 0.614173 
rpcBOL1C01 -0.210938 0.236220 -0.117188 -0.094488 
rpcBOL1A08 0.070312 -0.708661 0.210938 -0.992126 
rpcBOL1A07 0.070312 -1.464567 0.164062 -1.606299 
rpcBOL1A06 0.070312 -2.173228 0.210938 -2.598425 
rpcBOL1A05 0.210938 -2.929134 0.210938 -2.929134 
rpcBOL1A04 0.070312 2.220472 0.070312 2.220472 
rpcBOL1A03 0.023438 1.748031 0.210938 1.322835 
rpcBOL1A02 0.023438 0.850394 0.210938 0.566929 
rpcBOL1A01 0.023438 0.236220 0.210938 -0.236220 
rpcBMS6A08 1.007812 -0.472441 1.007812 -0.472441 
rpcBMS6A05 0.867188 -2.598425 0.960938 -2.881890 
rpcBMS6A04 0.867188 2.740157 0.960938 2.598425 
rpcBMS6A03 0.960938 2.031496 1.007812 1.889764 
rpcBMS6A01 0.867188 0.330709 0.960938 0.236220 
rpcBMS6C08 -0.960938 -0.283465 -0.960938 -0.472441 
rpcBMS6C05 -0.960938 -2.645669 -0.914062 -2.834646 
rpcBMS6C04 -1.007812 2.881890 -0.867188 2.692913 
rpcBMS6C03 -0.867188 1.937008 -0.867188 1.937008 
rpcBMS6C02 -1.007812 1.275591 -0.914062 1.181102 
rpcBMS6C01 -1.007812 0.472441 -0.867188 0.330709 
rpcBMS5A08 0.773438 -0.519685 0.773438 -0.519685 
rpcBMS5A05 0.867188 -2.881890 0.867188 -2.881890 
rpcBMS5A04 0.773438 2.929134 0.820312 2.834646 
rpcBMS5A03 0.773438 2.078740 0.820312 1.842520 
rpcBMS5A02 0.773438 1.275591 0.867188 0.992126 
rpcBMS5A01 0.820312 0.377953 0.867188 0.236220 
rpcBMS5C05 -0.773438 -2.740157 -0.773438 -2.740157 
rpcBMS5C04 -0.867188 2.881890 -0.773438 2.692913 
rpcBMS5C03 -0.867188 1.937008 -0.867188 1.937008 
rpcBMS5C02 -0.820312 1.228346 -0.820312 1.181102 
rpcBMS5C01 -0.867188 0.566929 -0.820312 0.330709 
rpcBMS4A08 0.632812 -0.519685 0.773438 -0.519685 
rpcBMS4A05 0.585938 -2.692913 0.585938 -2.692913 
rpcBMS4A04 0.632812 2.834646 0.773438 2.692913 
rpcBMS4A03 0.585938 2.125984 0.773438 1.842520 
rpcBMS4A02 0.585938 1.322835 0.773438 1.039370 
rpcBMS4A01 0.585938 0.519685 0.679688 0.283465 
rpcBMS4C08 -0.726562 -0.236220 -0.632812 -0.377953 
rpcBMS4C05 -0.726562 -2.598425 -0.585938 -2.929134 
rpcBMS4C04 -0.773438 2.834646 -0.632812 2.645669 
rpcBMS4C03 -0.773438 1.984252 -0.585938 1.842520 
rpcBMS4C02 -0.632812 1.086614 -0.585938 1.039370 
rpcBMS4C01 -0.726562 0.519685 -0.632812 0.236220 
rpcBMS4A08 0.632812 -0.519685 0.773438 -0.519685 
rpcBMS4A05 0.585938 -2.692913 0.585938 -2.692913 
rpcBMS4A04 0.632812 2.834646 0.773438 2.692913 
rpcBMS4A03 0.585938 2.125984 0.773438 1.842520 
rpcBMS4A02 0.585938 1.322835 0.773438 1.039370 
rpcBMS4A01 0.585938 0.519685 0.679688 0.283465 
rpcBMS4C08 -0.726562 -0.236220 -0.632812 -0.377953 
rpcBMS4C05 -0.726562 -2.598425 -0.585938 -2.929134 
rpcBMS4C04 -0.773438 2.834646 -0.632812 2.645669 
rpcBMS4C03 -0.773438 1.984252 -0.585938 1.842520 
rpcBMS4C02 -0.632812 1.086614 -0.585938 1.039370 
rpcBMS4C01 -0.726562 0.519685 -0.632812 0.236220 
rpcBMS3A08 0.492188 -0.425197 0.492188 -0.425197 
rpcBMS3A05 0.445312 -2.598425 0.585938 -2.881890 
rpcBMS3A04 0.445312 2.929134 0.585938 2.692913 
rpcBMS3A03 0.539062 2.125984 0.585938 1.842520 
rpcBMS3A02 0.445312 1.322835 0.585938 1.039370 
rpcBMS3A01 0.445312 0.566929 0.585938 0.283465 
rpcBMS3C08 -0.539062 -0.236220 -0.445312 -0.566929 
rpcBMS3C05 -0.585938 -2.551181 -0.445312 -2.834646 
rpcBMS3C04 -0.632812 2.834646 -0.445312 2.645669 
rpcBMS3C03 -0.585938 2.125984 -0.445312 1.795276 
rpcBMS3C02 -0.445312 1.275591 -0.445312 1.275591 
rpcBMS3C01 -0.585938 0.425197 -0.492188 0.425197 
rpcBMS2A08 0.210938 -0.236220 0.351562 -0.519685 
rpcBMS2A05 0.210938 -2.598425 0.445312 -2.881890 
rpcBMS2A04 0.210938 2.929134 0.304688 2.740157 
rpcBMS2A03 0.257812 2.125984 0.445312 1.795276 
rpcBMS2A02 0.210938 1.370079 0.398438 0.992126 
rpcBMS2A01 0.210938 0.472441 0.351562 0.236220 
rpcBMS2C08 -0.445312 -0.236220 -0.210938 -0.472441 
rpcBMS2C05 -0.445312 -2.551181 -0.210938 -2.881890 
rpcBMS2C04 -0.445312 2.881890 -0.257812 2.551181 
rpcBMS2C03 -0.445312 2.125984 -0.257812 1.795276 
rpcBMS2C02 -0.445312 1.370079 -0.304688 1.039370 
rpcBMS2C01 -0.257812 0.472441 -0.257812 0.425197 
rpcBMS1A08 0.070312 -0.236220 0.210938 -0.425197 
rpcBMS1A05 0.023438 -2.598425 0.210938 -2.834646 
rpcBMS1A04 0.070312 2.740157 0.210938 2.551181 
rpcBMS1A03 0.023438 2.078740 0.164062 1.937008 
rpcBMS1A02 0.023438 1.322835 0.210938 1.181102 
rpcBMS1A01 0.023438 0.566929 0.210938 0.236220 
rpcBMS1C08 -0.210938 -0.236220 -0.023438 -0.566929 
rpcBMS1C05 -0.210938 -2.645669 -0.117188 -2.881890 
rpcBMS1C04 -0.164062 2.881890 -0.023438 2.692913 
rpcBMS1C03 -0.210938 2.125984 -0.023438 1.795276 
rpcBMS1C02 -0.164062 1.275591 -0.023438 1.133858 
rpcBMS1C01 -0.210938 0.330709 -0.023438 0.236220 
rpcBML7A05 1.054688 2.976378 1.054688 2.976378 
rpcBML7A04 1.054688 2.267717 1.054688 2.220472 
rpcBML7A03 1.054688 1.464567 1.054688 1.464567 
rpcBML7A02 1.054688 0.850394 1.054688 0.850394 
rpcBML7C08 -1.054688 -0.614173 -1.054688 -0.708661 
rpcBML7C06 -1.054688 -2.551181 -1.007812 -2.551181 
rpcBML7C04 -1.054688 2.551181 -1.054688 2.314961 
rpcBML7C02 -1.007812 0.708661 -1.007812 0.708661 
rpcBML6A07 1.007812 -1.748031 1.054688 -1.748031 
rpcBML6C07 -1.054688 -1.417323 -1.054688 -1.417323 
rpcBML6A08 0.914062 -0.566929 1.054688 -0.944882 
rpcBML6A06 0.960938 -2.220472 1.101562 -2.503937 
rpcBML6A05 0.914062 2.976378 1.054688 -2.976378 
rpcBML6A04 0.914062 2.598425 1.101562 2.220472 
rpcBML6A03 0.914062 1.511811 1.054688 1.417323 
rpcBML6A02 0.914062 0.897638 1.054688 0.566929 
rpcBML6A01 0.914062 0.141732 1.007812 -0.188976 
rpcBML6C08 -1.054688 -0.566929 -0.914062 -0.944882 
rpcBML6C06 -1.054688 -2.125984 -0.960938 -2.551181 
rpcBML6C05 -1.101562 2.976378 -0.914062 -2.976378 
rpcBML6C04 -1.101562 2.551181 -0.914062 2.125984 
rpcBML6C03 -1.101562 1.653543 -0.914062 1.511811 
rpcBML6C02 -1.054688 0.944882 -0.914062 0.566929 
rpcBML6C01 -1.101562 0.000000 -1.007812 -0.236220 
rpcBML5A07 0.914062 -1.322835 1.101562 -1.795276 
rpcBML5C07 -1.054688 -1.370079 -0.867188 -1.795276 
rpcBML5A08 0.820312 -0.661417 0.914062 -0.944882 
rpcBML5A06 0.820312 -2.220472 0.960938 -2.503937 
rpcBML5A05 0.867188 2.976378 0.960938 -2.976378 
rpcBML5A04 0.867188 2.598425 0.960938 2.503937 
rpcBML5A03 0.773438 1.700787 0.914062 1.370079 
rpcBML5A02 0.867188 0.992126 0.960938 0.708661 
rpcBML5A01 0.820312 0.141732 0.914062 -0.188976 
rpcBML5C08 -0.914062 -0.566929 -0.820312 -0.897638 
rpcBML5C06 -0.867188 -2.362205 -0.820312 -2.409449 
rpcBML5C05 -0.867188 2.881890 -0.867188 -2.976378 
rpcBML5C04 -0.914062 2.409449 -0.820312 2.173228 
rpcBML5C03 -0.960938 1.653543 -0.820312 1.511811 
rpcBML5C02 -0.960938 0.944882 -0.773438 0.614173 
rpcBML5C01 -0.867188 0.188976 -0.820312 -0.141732 
rpcBML4A07 0.820312 -1.322835 0.960938 -1.653543 
rpcBML4C07 -0.914062 -1.370079 -0.820312 -1.748031 
rpcBML4A08 0.726562 -0.661417 0.820312 -1.039370 
rpcBML4A06 0.679688 -2.220472 0.820312 -2.362205 
rpcBML4A05 0.726562 2.976378 0.820312 2.929134 
rpcBML4A04 0.679688 2.503937 0.773438 2.267717 
rpcBML4A03 0.773438 1.700787 0.820312 1.370079 
rpcBML4A02 0.679688 0.897638 0.726562 0.755906 
rpcBML4A01 0.679688 0.236220 0.820312 -0.094488 
rpcBML4C08 -0.820312 -0.661417 -0.679688 -0.992126 
rpcBML4C06 -0.820312 -2.409449 -0.726562 -2.598425 
rpcBML4C05 -0.773438 2.976378 -0.632812 -2.976378 
rpcBML4C04 -0.820312 2.551181 -0.679688 2.173228 
rpcBML4C03 -0.820312 1.700787 -0.679688 1.511811 
rpcBML4C02 -0.820312 0.897638 -0.679688 0.566929 
rpcBML4C01 -0.820312 0.047244 -0.632812 -0.236220 
rpcBML3A08 0.445312 -0.708661 0.632812 -0.897638 
rpcBML3A07 0.539062 -1.370079 0.679688 -1.606299 
rpcBML3A06 0.492188 -2.314961 0.679688 -2.551181 
rpcBML3A05 0.585938 2.929134 0.585938 2.929134 
rpcBML3A04 0.445312 2.551181 0.726562 2.125984 
rpcBML3A03 0.492188 1.748031 0.632812 1.370079 
rpcBML3A02 0.492188 1.039370 0.726562 0.661417 
rpcBML3A01 0.445312 0.094488 0.679688 -0.188976 
rpcBML3C08 -0.726562 -0.566929 -0.492188 -0.944882 
rpcBML3C07 -0.679688 -1.370079 -0.445312 -1.795276 
rpcBML3C06 -0.632812 -2.125984 -0.445312 -2.551181 
rpcBML3C05 -0.679688 2.929134 -0.445312 -2.976378 
rpcBML3C04 -0.679688 2.551181 -0.539062 2.125984 
rpcBML3C03 -0.679688 1.795276 -0.445312 1.559055 
rpcBML3C02 -0.679688 1.039370 -0.492188 0.566929 
rpcBML3C01 -0.632812 0.236220 -0.492188 -0.188976 
rpcBML2A08 0.257812 -0.614173 0.445312 -0.897638 
rpcBML2A07 0.257812 -1.370079 0.445312 -1.795276 
rpcBML2A06 0.257812 -2.125984 0.445312 -2.598425 
rpcBML2A05 0.257812 2.976378 0.445312 -2.881890 
rpcBML2A04 0.304688 2.551181 0.492188 2.173228 
rpcBML2A03 0.257812 1.795276 0.492188 1.322835 
rpcBML2A02 0.257812 1.039370 0.492188 0.566929 
rpcBML2A01 0.257812 0.236220 0.445312 -0.188976 
rpcBML2C08 -0.492188 -0.614173 -0.257812 -1.039370 
rpcBML2C07 -0.445312 -1.511811 -0.257812 -1.795276 
rpcBML2C06 -0.492188 -2.125984 -0.257812 -2.598425 
rpcBML2C05 -0.445312 2.976378 -0.257812 -2.929134 
rpcBML2C04 -0.445312 2.551181 -0.257812 2.125984 
rpcBML2C03 -0.445312 1.795276 -0.304688 1.322835 
rpcBML2C02 -0.445312 1.039370 -0.257812 0.614173 
rpcBML2C01 -0.492188 0.188976 -0.257812 -0.236220 
rpcBML1A08 0.117188 -0.708661 0.257812 -0.992126 
rpcBML1A06 0.117188 -2.173228 0.257812 -2.598425 
rpcBML1C08 -0.210938 -0.566929 -0.117188 -0.992126 
rpcBML1C06 -0.257812 -2.125984 -0.117188 -2.409449 
rpcBML1C05 -0.257812 -2.881890 -0.117188 -2.976378 
rpcBML1C04 -0.257812 2.551181 -0.164062 2.125984 
rpcBML1A05 0.210938 -2.929134 0.210938 -2.929134 
rpcBML1A04 0.257812 2.125984 0.257812 2.125984 
rpcBML1C07 -0.257812 -1.322835 -0.070312 -1.795276 
rpcBML1C03 -0.210938 1.748031 -0.117188 1.370079 
rpcBML1A07 0.070312 -1.464567 0.257812 -1.606299 
rpcBML1A03 0.070312 1.748031 0.257812 1.370079 
rpcBML1C02 -0.257812 0.897638 -0.117188 0.614173 
rpcBML1C01 -0.257812 0.236220 -0.117188 -0.094488 
rpcBML1A02 0.023438 0.992126 0.257812 0.566929 
rpcBML1A01 0.023438 0.236220 0.257812 -0.236220 
rpcBML1A05 0.210938 -2.929134 0.210938 -2.929134 
rpcBML1A04 0.257812 2.125984 0.257812 2.125984 
rpcBML1C07 -0.257812 -1.322835 -0.070312 -1.795276 
rpcBML1C03 -0.210938 1.748031 -0.117188 1.370079 
rpcBML1A07 0.070312 -1.464567 0.257812 -1.606299 
rpcBML1A03 0.070312 1.748031 0.257812 1.370079 
rpcBML1C02 -0.257812 0.897638 -0.117188 0.614173 
rpcBML1C01 -0.257812 0.236220 -0.117188 -0.094488 
rpcBML1A02 0.023438 0.992126 0.257812 0.566929 
rpcBML1A01 0.023438 0.236220 0.257812 -0.236220 
rpcBOL8A07 0.492188 -1.417323 0.585938 -1.700787 
rpcBOL8C07 -0.585938 -1.417323 -0.492188 -1.700787 
rpcBME1A07 0.679688 -1.464567 0.820312 -1.700787 
rpcBME1C07 -0.820312 -1.464567 -0.679688 -1.700787 
rpcBOG4A07 0.914062 -0.992126 1.007812 -1.370079 
rpcBOG4A06 0.914062 -1.795276 1.007812 -2.125984 
rpcBOG4C07 -1.007812 -0.992126 -0.914062 -1.370079 
rpcBOG4C06 -1.007812 -1.795276 -0.914062 -2.125984 
rpcBOG3A07 0.726562 -0.992126 0.820312 -1.370079 
rpcBOG3A06 0.726562 -1.795276 0.820312 -2.125984 
rpcBOG3C07 -0.820312 -0.992126 -0.726562 -1.322835 
rpcBOG3C06 -0.820312 -1.795276 -0.726562 -2.125984 
rpcBOG2A07 0.585938 -0.992126 0.632812 -1.370079 
rpcBOG2A06 0.585938 -1.795276 0.632812 -2.125984 
rpcBOG2C07 -0.632812 -0.992126 -0.585938 -1.322835 
rpcBOG2C06 -0.632812 -1.795276 -0.585938 -2.125984 
rpcBOG1A07 0.304688 -0.992126 0.351562 -1.370079 
rpcBOG1A06 0.304688 -1.795276 0.351562 -2.125984 
rpcBOG1C07 -0.351562 -0.992126 -0.304688 -1.322835 
rpcBOG1C06 -0.351562 -1.795276 -0.304688 -2.125984 
rpcBOG0A07 -0.023438 -0.992126 0.023438 -1.370079 
rpcBOG0A06 -0.023438 -1.795276 0.023438 -2.125984 
rpcBOF4A07 0.820312 -0.992126 0.960938 -1.322835 
rpcBOF4A06 0.820312 -1.795276 0.960938 -2.125984 
rpcBOF4C07 -0.960938 -0.992126 -0.820312 -1.370079 
rpcBOF4C06 -0.960938 -1.795276 -0.820312 -2.125984 
rpcBOF3A07 0.632812 -0.992126 0.773438 -1.370079 
rpcBOF3A06 0.632812 -1.795276 0.773438 -2.125984 
rpcBOF3C07 -0.773438 -0.992126 -0.632812 -1.370079 
rpcBOF3C06 -0.773438 -1.795276 -0.632812 -2.125984 
rpcBOF2A07 0.351562 -0.992126 0.539062 -1.370079 
rpcBOF2A06 0.351562 -1.795276 0.539062 -2.125984 
rpcBOF2C07 -0.539062 -0.992126 -0.351562 -1.370079 
rpcBOF2C06 -0.539062 -1.795276 -0.351562 -2.125984 
rpcBOF1A07 0.070312 -0.992126 0.257812 -1.370079 
rpcBOF1A06 0.070312 -1.795276 0.257812 -2.125984 
rpcBOF1C07 -0.257812 -0.992126 -0.070312 -1.370079 
rpcBOF1C06 -0.257812 -1.795276 -0.070312 -2.125984 
rpcBMF3A07 0.773438 -0.992126 0.960938 -1.370079 
rpcBMF3A06 0.773438 -1.795276 0.960938 -2.125984 
rpcBMF3C07 -0.960938 -0.992126 -0.773438 -1.370079 
rpcBMF3C06 -0.960938 -1.795276 -0.773438 -2.125984 
rpcBMF3A07 0.773438 -0.992126 0.960938 -1.370079 
rpcBMF3A06 0.773438 -1.795276 0.960938 -2.125984 
rpcBMF3C07 -0.960938 -0.992126 -0.773438 -1.370079 
rpcBMF3C06 -0.960938 -1.795276 -0.773438 -2.125984 
rpcBMF2A07 0.445312 -0.992126 0.679688 -1.370079 
rpcBMF2A06 0.445312 -1.795276 0.679688 -2.125984 
rpcBMF2C07 -0.679688 -0.992126 -0.445312 -1.370079 
rpcBMF2C06 -0.679688 -1.795276 -0.445312 -2.125984 
rpcBMF1A07 0.070312 -0.992126 0.351562 -1.370079 
rpcBMF1A06 0.070312 -1.795276 0.351562 -2.125984 
rpcBMF1C07 -0.351562 -0.992126 -0.070312 -1.370079 
rpcBMF1C06 -0.351562 -1.795276 -0.070312 -2.173228 
rpcBOS6A08 0.914062 -0.236220 1.054688 -0.566929 
rpcBOS6A05 0.914062 -2.551181 1.054688 -2.929134 
rpcBOS6A04 0.914062 2.929134 1.054688 2.598425 
rpcBOS6A03 0.914062 2.125984 1.054688 1.795276 
rpcBOS6A02 0.914062 1.370079 1.054688 0.992126 
rpcBOS6A01 0.914062 0.566929 1.054688 0.236220 
rpcBOS6C08 -1.054688 -0.236220 -0.914062 -0.566929 
rpcBOS6C05 -1.054688 -2.551181 -0.914062 -2.929134 
rpcBOS6C04 -1.054688 2.929134 -0.914062 2.598425 
rpcBOS6C03 -1.054688 2.125984 -0.914062 1.795276 
rpcBOS6C02 -1.054688 1.370079 -0.914062 0.992126 
rpcBOS6C01 -1.054688 0.566929 -0.914062 0.236220 
rpcBOS5A08 0.773438 -0.236220 0.914062 -0.566929 
rpcBOS5A05 0.773438 -2.551181 0.914062 -2.929134 
rpcBOS5A04 0.773438 2.929134 0.914062 2.551181 
rpcBOS5A03 0.773438 2.125984 0.914062 1.795276 
rpcBOS5A02 0.773438 1.370079 0.914062 0.992126 
rpcBOS5A01 0.773438 0.566929 0.914062 0.236220 
rpcBOS5C08 -0.914062 -0.236220 -0.773438 -0.566929 
rpcBOS5C05 -0.914062 -2.551181 -0.773438 -2.929134 
rpcBOS5C04 -0.914062 2.929134 -0.773438 2.551181 
rpcBOS5C03 -0.914062 2.125984 -0.773438 1.795276 
rpcBOS5C02 -0.914062 1.370079 -0.773438 0.992126 
rpcBOS5C01 -0.914062 0.566929 -0.773438 0.236220 
rpcBOS4A08 0.585938 -0.236220 0.773438 -0.566929 
rpcBOS4A05 0.585938 -2.551181 0.773438 -2.929134 
rpcBOS4A04 0.585938 2.929134 0.773438 2.598425 
rpcBOS4A03 0.585938 2.125984 0.773438 1.795276 
rpcBOS4A02 0.585938 1.370079 0.773438 0.992126 
rpcBOS4A01 0.585938 0.566929 0.773438 0.236220 
rpcBOS4C08 -0.773438 -0.236220 -0.585938 -0.566929 
rpcBOS4C05 -0.773438 -2.551181 -0.585938 -2.929134 
rpcBOS4C04 -0.773438 2.929134 -0.585938 2.551181 
rpcBOS4C03 -0.773438 2.125984 -0.585938 1.795276 
rpcBOS4C02 -0.773438 1.370079 -0.585938 0.992126 
rpcBOS4C01 -0.773438 0.566929 -0.585938 0.236220 
rpcBOS3A08 0.398438 -0.236220 0.585938 -0.566929 
rpcBOS3A05 0.398438 -2.551181 0.585938 -2.929134 
rpcBOS3A04 0.398438 2.929134 0.585938 2.551181 
rpcBOS3A03 0.398438 2.125984 0.585938 1.795276 
rpcBOS3A02 0.398438 1.370079 0.585938 0.992126 
rpcBOS3A01 0.398438 0.566929 0.585938 0.236220 
rpcBOS3C08 -0.585938 -0.236220 -0.398438 -0.566929 
rpcBOS3C05 -0.585938 -2.551181 -0.398438 -2.929134 
rpcBOS3C04 -0.585938 2.929134 -0.398438 2.551181 
rpcBOS3C03 -0.585938 2.125984 -0.398438 1.795276 
rpcBOS3C02 -0.585938 1.370079 -0.398438 0.992126 
rpcBOS3C01 -0.585938 0.566929 -0.398438 0.236220 
rpcBOS2A08 0.210938 -0.236220 0.398438 -0.566929 
rpcBOS2A05 0.210938 -2.551181 0.398438 -2.929134 
rpcBOS2A04 0.210938 2.929134 0.398438 2.551181 
rpcBOS2A03 0.210938 2.125984 0.398438 1.795276 
rpcBOS2A02 0.210938 1.370079 0.398438 0.992126 
rpcBOS2A01 0.210938 0.566929 0.398438 0.236220 
rpcBOS2C08 -0.398438 -0.236220 -0.210938 -0.566929 
rpcBOS2C05 -0.398438 -2.598425 -0.210938 -2.929134 
rpcBOS2C04 -0.398438 2.929134 -0.210938 2.551181 
rpcBOS2C03 -0.398438 2.125984 -0.210938 1.795276 
rpcBOS2C02 -0.398438 1.370079 -0.210938 0.992126 
rpcBOS2C01 -0.398438 0.566929 -0.210938 0.236220 
rpcBOS1A08 0.023438 -0.236220 0.210938 -0.566929 
rpcBOS1A05 0.023438 -2.551181 0.210938 -2.929134 
rpcBOS1A04 0.070312 2.929134 0.210938 2.551181 
rpcBOS1A03 0.023438 2.125984 0.210938 1.795276 
rpcBOS1A02 0.023438 1.370079 0.210938 0.992126 
rpcBOS1A01 0.023438 0.566929 0.210938 0.236220 
rpcBOS1C08 -0.210938 -0.236220 -0.023438 -0.566929 
rpcBOS1C05 -0.210938 -2.551181 -0.023438 -2.929134 
rpcBOS1C04 -0.210938 2.929134 -0.070312 2.598425 
rpcBOS1C03 -0.210938 2.125984 -0.023438 1.795276 
rpcBOS1C02 -0.210938 1.370079 -0.023438 0.992126 
rpcBOS1C01 -0.210938 0.566929 -0.023438 0.236220 
rpcBOL6A08 0.914062 -0.566929 1.054688 -1.039370 
rpcBOL6A07 0.914062 -1.322835 1.054688 -1.795276 
rpcBOL6A06 0.914062 -2.125984 1.054688 -2.598425 
rpcBOL6A05 0.914062 2.976378 1.054688 -2.976378 
rpcBOL6A04 0.914062 2.598425 1.054688 2.125984 
rpcBOL6A03 0.914062 1.795276 1.054688 1.322835 
rpcBOL6A02 0.914062 1.039370 1.054688 0.566929 
rpcBOL6A01 0.914062 0.236220 1.054688 -0.236220 
rpcBOL6C08 -1.054688 -0.566929 -0.914062 -1.039370 
rpcBOL6C07 -1.054688 -1.322835 -0.914062 -1.795276 
rpcBOL6C06 -1.054688 -2.125984 -0.914062 -2.598425 
rpcBOL6C05 -1.054688 2.976378 -0.914062 -2.976378 
rpcBOL6C04 -1.054688 2.598425 -0.914062 2.125984 
rpcBOL6C03 -1.054688 1.795276 -0.914062 1.322835 
rpcBOL6C02 -1.054688 0.992126 -0.914062 0.566929 
rpcBOL6C01 -1.054688 0.236220 -0.914062 -0.236220 
rpcBOL5A08 0.773438 -0.566929 0.914062 -1.039370 
rpcBOL5A07 0.773438 -1.322835 0.914062 -1.795276 
rpcBOL5A06 0.773438 -2.125984 0.914062 -2.598425 
rpcBOL5A05 0.773438 2.976378 0.914062 -2.976378 
rpcBOL5A04 0.773438 2.598425 0.914062 2.125984 
rpcBOL5A03 0.773438 1.795276 0.914062 1.322835 
rpcBOL5A02 0.773438 1.039370 0.914062 0.566929 
rpcBOL5A01 0.773438 0.236220 0.914062 -0.236220 
rpcBOL5C08 -0.914062 -0.566929 -0.773438 -1.039370 
rpcBOL5C07 -0.914062 -1.322835 -0.773438 -1.795276 
rpcBOL5C06 -0.914062 -2.125984 -0.773438 -2.598425 
rpcBOL5C05 -0.914062 2.976378 -0.773438 -2.976378 
rpcBOL5C04 -0.914062 2.598425 -0.773438 2.125984 
rpcBOL5C03 -0.914062 1.795276 -0.773438 1.322835 
rpcBOL5C02 -0.914062 1.039370 -0.773438 0.566929 
rpcBOL5C01 -0.914062 0.236220 -0.773438 -0.236220 
rpcBOL4A08 0.585938 -0.566929 0.773438 -1.039370 
rpcBOL4A07 0.585938 -1.322835 0.773438 -1.795276 
rpcBOL4A06 0.585938 -2.125984 0.773438 -2.598425 
rpcBOL4A05 0.585938 2.976378 0.773438 -2.976378 
rpcBOL4A04 0.585938 2.598425 0.773438 2.125984 
rpcBOL4A03 0.585938 1.795276 0.773438 1.322835 
rpcBOL4A02 0.585938 1.039370 0.773438 0.566929 
rpcBOL4A01 0.585938 0.236220 0.773438 -0.236220 
rpcBOL4C08 -0.773438 -0.566929 -0.585938 -1.039370 
rpcBOL4C07 -0.773438 -1.322835 -0.585938 -1.795276 
rpcBOL4C06 -0.773438 -2.125984 -0.585938 -2.598425 
rpcBOL4C05 -0.773438 2.976378 -0.585938 -2.976378 
rpcBOL4C04 -0.773438 2.598425 -0.585938 2.125984 
rpcBOL4C03 -0.773438 1.795276 -0.585938 1.322835 
rpcBOL4C02 -0.773438 1.039370 -0.585938 0.566929 
rpcBOL4C01 -0.773438 0.236220 -0.585938 -0.236220 
rpcBOL3A08 0.445312 -0.566929 0.585938 -1.039370 
rpcBOL3A07 0.351562 -1.322835 0.492188 -1.795276 
rpcBOL3A06 0.445312 -2.125984 0.585938 -2.598425 
rpcBOL3A05 0.445312 2.976378 0.585938 -2.976378 
rpcBOL3A04 0.445312 2.598425 0.585938 2.125984 
rpcBOL3A03 0.445312 1.795276 0.585938 1.322835 
rpcBOL3A02 0.445312 1.039370 0.585938 0.566929 
rpcBOL3A01 0.445312 0.236220 0.585938 -0.236220 
rpcBOL3C08 -0.585938 -0.566929 -0.445312 -1.039370 
rpcBOL3C07 -0.492188 -1.322835 -0.351562 -1.795276 
rpcBOL3C06 -0.585938 -2.125984 -0.445312 -2.598425 
rpcBOL3C05 -0.585938 2.976378 -0.445312 -2.976378 
rpcBOL3C04 -0.585938 2.598425 -0.445312 2.125984 
rpcBOL3C03 -0.585938 1.795276 -0.445312 1.322835 
rpcBOL3C02 -0.585938 1.039370 -0.445312 0.566929 
rpcBOL3C01 -0.585938 0.236220 -0.445312 -0.236220 
rpcBOL2A08 0.210938 -0.566929 0.445312 -1.039370 
rpcBOL2A07 0.210938 -1.322835 0.351562 -1.795276 
rpcBOL2A06 0.210938 -2.125984 0.445312 -2.598425 
rpcBOL2A05 0.210938 2.976378 0.445312 -2.976378 
rpcBOL2A04 0.210938 2.598425 0.445312 2.125984 
rpcBOL2A03 0.210938 1.795276 0.445312 1.322835 
rpcBOL2A02 0.210938 1.039370 0.445312 0.566929 
rpcBOL2A01 0.210938 0.236220 0.445312 -0.236220 
rpcBOL2C08 -0.445312 -0.566929 -0.210938 -1.039370 
rpcBOL2C07 -0.351562 -1.322835 -0.210938 -1.795276 
rpcBOL2C06 -0.445312 -2.125984 -0.210938 -2.598425 
rpcBOL2C05 -0.445312 2.976378 -0.257812 -2.976378 
rpcBOL2C04 -0.445312 2.598425 -0.257812 2.125984 
rpcBOL2C03 -0.445312 1.795276 -0.304688 1.322835 
rpcBOL2C02 -0.445312 1.039370 -0.210938 0.566929 
rpcBOL2C01 -0.445312 0.236220 -0.210938 -0.236220 
rpcBOL1C08 -0.210938 -0.566929 -0.070312 -1.039370 
rpcBOL1C07 -0.210938 -1.322835 -0.023438 -1.795276 
rpcBOL1C06 -0.210938 -2.125984 -0.070312 -2.598425 
rpcBOL1C05 -0.210938 2.976378 -0.070312 -2.976378 
rpcBOL1C04 -0.210938 2.598425 -0.070312 2.125984 
rpcBOL1C03 -0.304688 1.795276 -0.164062 1.322835 
rpcBOL1C02 -0.210938 1.039370 -0.070312 0.566929 
rpcBOL1C01 -0.210938 0.236220 -0.070312 -0.236220 
rpcBOL1A08 0.070312 -0.566929 0.210938 -1.039370 
rpcBOL1A07 0.070312 -1.322835 0.210938 -1.795276 
rpcBOL1A06 0.070312 -2.125984 0.210938 -2.598425 
rpcBOL1A05 0.070312 2.976378 0.210938 -2.976378 
rpcBOL1A04 0.070312 2.598425 0.210938 2.125984 
rpcBOL1A03 0.023438 1.795276 0.210938 1.322835 
rpcBOL1A02 0.023438 1.039370 0.210938 0.566929 
rpcBOL1A01 0.023438 0.236220 0.210938 -0.236220 
rpcBMS6A08 0.820312 -0.188976 1.007812 -0.566929 
rpcBMS6A05 0.820312 -2.551181 1.007812 -2.929134 
rpcBMS6A04 0.820312 2.929134 1.007812 2.551181 
rpcBMS6A03 0.820312 2.173228 1.007812 1.795276 
rpcBMS6A02 0.820312 1.370079 1.007812 0.992126 
rpcBMS6A01 0.820312 0.566929 1.007812 0.188976 
rpcBMS6C08 -1.007812 -0.188976 -0.820312 -0.566929 
rpcBMS6C05 -1.007812 -2.551181 -0.820312 -2.929134 
rpcBMS6C04 -1.007812 2.929134 -0.820312 2.551181 
rpcBMS6C03 -1.007812 2.125984 -0.820312 1.795276 
rpcBMS6C02 -1.007812 1.370079 -0.820312 0.992126 
rpcBMS6C01 -1.007812 0.566929 -0.820312 0.236220 
rpcBMS5A08 0.726562 -0.188976 0.867188 -0.566929 
rpcBMS5A05 0.726562 -2.551181 0.867188 -2.929134 
rpcBMS5A04 0.726562 2.929134 0.867188 2.551181 
rpcBMS5A03 0.726562 2.125984 0.867188 1.795276 
rpcBMS5A02 0.726562 1.370079 0.867188 0.992126 
rpcBMS5A01 0.773438 0.566929 0.867188 0.188976 
rpcBMS5C08 -0.867188 -0.188976 -0.773438 -0.566929 
rpcBMS5C05 -0.867188 -2.551181 -0.773438 -2.929134 
rpcBMS5C04 -0.867188 2.929134 -0.726562 2.551181 
rpcBMS5C03 -0.867188 2.125984 -0.773438 1.795276 
rpcBMS5C02 -0.867188 1.370079 -0.773438 0.992126 
rpcBMS5C01 -0.867188 0.566929 -0.773438 0.188976 
rpcBMS4A08 0.585938 -0.188976 0.773438 -0.566929 
rpcBMS4A05 0.585938 -2.551181 0.773438 -2.929134 
rpcBMS4A04 0.585938 2.929134 0.773438 2.551181 
rpcBMS4A03 0.585938 2.125984 0.773438 1.795276 
rpcBMS4A02 0.585938 1.370079 0.773438 0.992126 
rpcBMS4A01 0.585938 0.566929 0.773438 0.188976 
rpcBMS4C08 -0.773438 -0.188976 -0.585938 -0.566929 
rpcBMS4C05 -0.773438 -2.551181 -0.585938 -2.929134 
rpcBMS4C04 -0.773438 2.929134 -0.585938 2.551181 
rpcBMS4C03 -0.773438 2.125984 -0.585938 1.795276 
rpcBMS4C02 -0.773438 1.370079 -0.585938 0.992126 
rpcBMS4C01 -0.773438 0.566929 -0.585938 0.188976 
rpcBMS4A08 0.585938 -0.188976 0.773438 -0.566929 
rpcBMS4A05 0.585938 -2.551181 0.773438 -2.929134 
rpcBMS4A04 0.585938 2.929134 0.773438 2.551181 
rpcBMS4A03 0.585938 2.125984 0.773438 1.795276 
rpcBMS4A02 0.585938 1.370079 0.773438 0.992126 
rpcBMS4A01 0.585938 0.566929 0.773438 0.188976 
rpcBMS4C08 -0.773438 -0.188976 -0.585938 -0.566929 
rpcBMS4C05 -0.773438 -2.551181 -0.585938 -2.929134 
rpcBMS4C04 -0.773438 2.929134 -0.585938 2.551181 
rpcBMS4C03 -0.773438 2.125984 -0.585938 1.795276 
rpcBMS4C02 -0.773438 1.370079 -0.585938 0.992126 
rpcBMS4C01 -0.773438 0.566929 -0.585938 0.188976 
rpcBMS3A08 0.445312 -0.188976 0.632812 -0.566929 
rpcBMS3A05 0.445312 -2.551181 0.585938 -2.929134 
rpcBMS3A04 0.445312 2.929134 0.632812 2.551181 
rpcBMS3A03 0.445312 2.125984 0.632812 1.795276 
rpcBMS3A02 0.445312 1.370079 0.632812 0.992126 
rpcBMS3A01 0.445312 0.566929 0.632812 0.188976 
rpcBMS3C08 -0.632812 -0.188976 -0.445312 -0.566929 
rpcBMS3C05 -0.585938 -2.551181 -0.445312 -2.929134 
rpcBMS3C04 -0.632812 2.929134 -0.445312 2.551181 
rpcBMS3C03 -0.632812 2.125984 -0.445312 1.795276 
rpcBMS3C02 -0.632812 1.370079 -0.445312 0.992126 
rpcBMS3C01 -0.632812 0.566929 -0.445312 0.188976 
rpcBMS2A08 0.210938 -0.188976 0.445312 -0.566929 
rpcBMS2A05 0.210938 -2.551181 0.445312 -2.929134 
rpcBMS2A04 0.210938 2.929134 0.445312 2.551181 
rpcBMS2A03 0.210938 2.125984 0.445312 1.795276 
rpcBMS2A02 0.210938 1.370079 0.445312 0.992126 
rpcBMS2A01 0.210938 0.566929 0.445312 0.188976 
rpcBMS2C08 -0.445312 -0.188976 -0.210938 -0.566929 
rpcBMS2C05 -0.445312 -2.551181 -0.210938 -2.929134 
rpcBMS2C04 -0.445312 2.929134 -0.210938 2.551181 
rpcBMS2C03 -0.445312 2.125984 -0.210938 1.795276 
rpcBMS2C02 -0.445312 1.370079 -0.210938 0.992126 
rpcBMS2C01 -0.445312 0.566929 -0.210938 0.188976 
rpcBMS1A08 0.023438 -0.188976 0.210938 -0.566929 
rpcBMS1A05 0.023438 -2.551181 0.210938 -2.929134 
rpcBMS1A04 0.023438 2.929134 0.210938 2.551181 
rpcBMS1A03 0.023438 2.125984 0.210938 1.795276 
rpcBMS1A02 0.023438 1.370079 0.210938 0.992126 
rpcBMS1A01 0.023438 0.566929 0.210938 0.188976 
rpcBMS1C08 -0.210938 -0.188976 -0.023438 -0.566929 
rpcBMS1C05 -0.210938 -2.551181 -0.023438 -2.929134 
rpcBMS1C04 -0.210938 2.929134 -0.023438 2.551181 
rpcBMS1C03 -0.210938 2.125984 -0.023438 1.795276 
rpcBMS1C02 -0.210938 1.370079 -0.023438 0.992126 
rpcBMS1C01 -0.210938 0.566929 -0.023438 0.188976 
rpcBML7A08 1.007812 -0.566929 1.054688 -0.992126 
rpcBML7A06 1.007812 -2.173228 1.054688 -2.551181 
rpcBML7A05 1.007812 2.976378 1.054688 -2.976378 
rpcBML7A04 1.007812 2.551181 1.054688 2.173228 
rpcBML7A03 1.007812 1.748031 1.054688 1.370079 
rpcBML7A02 1.007812 0.992126 1.054688 0.614173 
rpcBML7A01 1.007812 0.188976 1.054688 -0.188976 
rpcBML7C08 -1.054688 -0.614173 -1.007812 -0.992126 
rpcBML7C06 -1.054688 -2.173228 -1.007812 -2.551181 
rpcBML7C05 -1.054688 2.976378 -1.054688 -2.976378 
rpcBML7C04 -1.054688 2.551181 -1.007812 2.173228 
rpcBML7C03 -1.054688 1.748031 -1.007812 1.370079 
rpcBML7C02 -1.054688 0.992126 -1.007812 0.614173 
rpcBML7C01 -1.054688 0.188976 -1.007812 -0.188976 
rpcBML6A07 1.007812 -1.370079 1.054688 -1.748031 
rpcBML6C07 -1.054688 -1.370079 -1.007812 -1.748031 
rpcBML6A08 0.867188 -0.519685 1.101562 -1.039370 
rpcBML6A06 0.867188 -2.125984 1.101562 -2.598425 
rpcBML6A05 0.867188 2.976378 1.101562 -2.976378 
rpcBML6A04 0.867188 2.598425 1.101562 2.125984 
rpcBML6A03 0.867188 1.795276 1.101562 1.322835 
rpcBML6A02 0.867188 1.039370 1.101562 0.519685 
rpcBML6A01 0.867188 0.236220 1.101562 -0.236220 
rpcBML6C08 -1.101562 -0.519685 -0.867188 -1.039370 
rpcBML6C06 -1.101562 -2.125984 -0.867188 -2.598425 
rpcBML6C05 -1.101562 2.976378 -0.867188 -2.976378 
rpcBML6C04 -1.101562 2.598425 -0.867188 2.125984 
rpcBML6C03 -1.101562 1.795276 -0.867188 1.322835 
rpcBML6C02 -1.101562 1.039370 -0.867188 0.519685 
rpcBML6C01 -1.101562 0.236220 -0.867188 -0.236220 
rpcBML5A07 0.867188 -1.322835 1.101562 -1.795276 
rpcBML5C07 -1.101562 -1.322835 -0.867188 -1.795276 
rpcBML5A08 0.773438 -0.566929 0.960938 -1.039370 
rpcBML5A06 0.773438 -2.125984 0.960938 -2.598425 
rpcBML5A05 0.773438 2.976378 0.960938 -2.976378 
rpcBML5A04 0.773438 2.598425 0.960938 2.125984 
rpcBML5A03 0.773438 1.795276 0.960938 1.322835 
rpcBML5A02 0.773438 1.039370 0.960938 0.519685 
rpcBML5A01 0.773438 0.236220 0.960938 -0.236220 
rpcBML5C08 -0.960938 -0.566929 -0.773438 -1.039370 
rpcBML5C06 -0.960938 -2.125984 -0.773438 -2.598425 
rpcBML5C05 -0.960938 2.976378 -0.773438 -2.976378 
rpcBML5C04 -0.960938 2.598425 -0.773438 2.125984 
rpcBML5C03 -0.960938 1.795276 -0.773438 1.322835 
rpcBML5C02 -0.960938 1.039370 -0.773438 0.519685 
rpcBML5C01 -0.960938 0.236220 -0.773438 -0.236220 
rpcBML4A07 0.773438 -1.322835 0.960938 -1.795276 
rpcBML4C07 -0.960938 -1.322835 -0.773438 -1.795276 
rpcBML4A08 0.632812 -0.519685 0.820312 -1.039370 
rpcBML4A06 0.632812 -2.125984 0.820312 -2.598425 
rpcBML4A05 0.632812 2.976378 0.820312 -2.976378 
rpcBML4A04 0.632812 2.598425 0.820312 2.125984 
rpcBML4A03 0.632812 1.795276 0.820312 1.322835 
rpcBML4A02 0.632812 1.039370 0.820312 0.519685 
rpcBML4A01 0.632812 0.236220 0.820312 -0.236220 
rpcBML4C08 -0.820312 -0.566929 -0.632812 -1.039370 
rpcBML4C06 -0.820312 -2.125984 -0.632812 -2.598425 
rpcBML4C05 -0.820312 2.976378 -0.632812 -2.976378 
rpcBML4C04 -0.820312 2.598425 -0.632812 2.125984 
rpcBML4C03 -0.820312 1.795276 -0.632812 1.322835 
rpcBML4C02 -0.820312 1.039370 -0.632812 0.519685 
rpcBML4C01 -0.820312 0.236220 -0.632812 -0.236220 
rpcBML3A08 0.445312 -0.519685 0.726562 -1.039370 
rpcBML3A07 0.445312 -1.322835 0.726562 -1.795276 
rpcBML3A06 0.445312 -2.125984 0.726562 -2.598425 
rpcBML3A05 0.445312 2.976378 0.679688 -2.976378 
rpcBML3A04 0.445312 2.598425 0.726562 2.125984 
rpcBML3A03 0.445312 1.795276 0.726562 1.322835 
rpcBML3A02 0.445312 1.039370 0.726562 0.519685 
rpcBML3A01 0.445312 0.236220 0.726562 -0.236220 
rpcBML3C08 -0.726562 -0.519685 -0.445312 -1.039370 
rpcBML3C07 -0.726562 -1.322835 -0.445312 -1.795276 
rpcBML3C06 -0.726562 -2.125984 -0.445312 -2.598425 
rpcBML3C05 -0.679688 2.976378 -0.445312 -2.976378 
rpcBML3C04 -0.726562 2.598425 -0.445312 2.125984 
rpcBML3C03 -0.726562 1.795276 -0.445312 1.322835 
rpcBML3C02 -0.726562 1.039370 -0.445312 0.519685 
rpcBML3C01 -0.726562 0.236220 -0.445312 -0.236220 
rpcBML2A08 0.257812 -0.519685 0.492188 -1.039370 
rpcBML2A07 0.257812 -1.322835 0.492188 -1.795276 
rpcBML2A06 0.257812 -2.125984 0.492188 -2.598425 
rpcBML2A05 0.257812 2.976378 0.492188 -2.976378 
rpcBML2A04 0.257812 2.598425 0.492188 2.125984 
rpcBML2A03 0.257812 1.795276 0.492188 1.322835 
rpcBML2A02 0.257812 1.039370 0.492188 0.519685 
rpcBML2A01 0.257812 0.236220 0.492188 -0.236220 
rpcBML2C08 -0.492188 -0.519685 -0.257812 -1.039370 
rpcBML2C07 -0.492188 -1.322835 -0.257812 -1.795276 
rpcBML2C06 -0.492188 -2.125984 -0.257812 -2.598425 
rpcBML2C05 -0.492188 2.976378 -0.257812 -2.976378 
rpcBML2C04 -0.492188 2.598425 -0.257812 2.125984 
rpcBML2C03 -0.492188 1.795276 -0.257812 1.322835 
rpcBML2C02 -0.492188 1.039370 -0.257812 0.519685 
rpcBML2C01 -0.492188 0.236220 -0.257812 -0.236220 
rpcBML1A08 0.070312 -0.566929 0.257812 -1.039370 
rpcBML1A06 0.070312 -2.125984 0.257812 -2.598425 
rpcBML1C08 -0.257812 -0.519685 -0.070312 -1.039370 
rpcBML1C06 -0.257812 -2.125984 -0.070312 -2.598425 
rpcBML1C05 -0.257812 2.976378 -0.070312 -2.976378 
rpcBML1C04 -0.257812 2.598425 -0.117188 2.125984 
rpcBML1A05 0.117188 2.976378 0.257812 -2.976378 
rpcBML1A04 0.117188 2.598425 0.257812 2.125984 
rpcBML1C07 -0.257812 -1.322835 -0.023438 -1.795276 
rpcBML1C03 -0.257812 1.795276 -0.070312 1.322835 
rpcBML1A07 0.070312 -1.322835 0.257812 -1.795276 
rpcBML1A03 0.070312 1.795276 0.257812 1.322835 
rpcBML1C02 -0.257812 1.039370 -0.070312 0.519685 
rpcBML1C01 -0.257812 0.236220 -0.117188 -0.236220 
rpcBML1A02 0.023438 1.039370 0.257812 0.519685 
rpcBML1A01 0.023438 0.236220 0.257812 -0.236220 
