cscCSL1A15 1.992188 -0.519685 2.789062 -1.086614 
cscCSL1A13 1.992188 -1.275591 2.789062 -1.842520 
cscCSL1A11 1.992188 -2.078740 2.789062 -2.645669 
cscCSL1A09 1.992188 2.976378 2.789062 -2.976378 
cscCSL1A07 1.992188 2.645669 2.789062 2.078740 
cscCSL1A05 1.992188 1.842520 2.789062 1.275591 
cscCSL1A03 1.992188 1.086614 2.789062 0.519685 
cscCSL1A01 1.992188 0.283465 2.789062 -0.283465 
cscCSL1C15 -2.789062 -0.519685 -1.992188 -1.086614 
cscCSL1C13 -2.789062 -1.275591 -1.992188 -1.842520 
cscCSL1C11 -2.789062 -2.078740 -1.992188 -2.645669 
cscCSL1C09 -2.789062 2.976378 -1.992188 -2.976378 
cscCSL1C07 -2.789062 2.645669 -1.992188 2.078740 
cscCSL1C05 -2.789062 1.842520 -1.992188 1.275591 
cscCSL1C03 -2.789062 1.086614 -1.992188 0.519685 
cscCSL1C01 -2.789062 0.283465 -1.992188 -0.283465 
cscCSL1A15 1.992188 -0.519685 2.789062 -1.086614 
cscCSL1A13 1.992188 -1.275591 2.789062 -1.842520 
cscCSL1A11 1.992188 -2.078740 2.789062 -2.645669 
cscCSL1A09 1.992188 2.976378 2.789062 -2.976378 
cscCSL1A07 1.992188 2.645669 2.789062 2.078740 
cscCSL1A05 1.992188 1.842520 2.789062 1.275591 
cscCSL1A03 1.992188 1.086614 2.789062 0.519685 
cscCSL1A01 1.992188 0.283465 2.789062 -0.283465 
cscCSL1C15 -2.789062 -0.519685 -1.992188 -1.086614 
cscCSL1C13 -2.789062 -1.275591 -1.992188 -1.842520 
cscCSL1C11 -2.789062 -2.078740 -1.992188 -2.645669 
cscCSL1C09 -2.789062 2.976378 -1.992188 -2.976378 
cscCSL1C07 -2.789062 2.645669 -1.992188 2.078740 
cscCSL1C05 -2.789062 1.842520 -1.992188 1.275591 
cscCSL1C03 -2.789062 1.086614 -1.992188 0.519685 
cscCSL1C01 -2.789062 0.283465 -1.992188 -0.283465 
cscCSS1A16 1.992188 -0.188976 2.789062 -0.566929 
cscCSS1A14 1.945312 -0.992126 2.789062 -1.370079 
cscCSS1A12 1.992188 -1.748031 2.789062 -2.173228 
cscCSS1A10 1.992188 -2.551181 2.789062 -2.929134 
cscCSS1A08 1.992188 2.929134 2.789062 2.551181 
cscCSS1A06 1.992188 2.173228 2.789062 1.795276 
cscCSS1A04 1.992188 1.370079 2.789062 0.992126 
cscCSS1A02 1.992188 0.566929 2.789062 0.188976 
cscCSS1C16 -2.789062 -0.188976 -1.992188 -0.566929 
cscCSS1C14 -2.789062 -0.992126 -1.992188 -1.370079 
cscCSS1C12 -2.789062 -1.748031 -1.992188 -2.173228 
cscCSS1C10 -2.789062 -2.551181 -1.992188 -2.929134 
cscCSS1C08 -2.789062 2.929134 -1.992188 2.551181 
cscCSS1C06 -2.789062 2.173228 -1.992188 1.748031 
cscCSS1C04 -2.789062 1.370079 -1.992188 0.992126 
cscCSS1C02 -2.789062 0.566929 -1.992188 0.188976 
cscCSS1A16 1.992188 -0.188976 2.789062 -0.566929 
cscCSS1A14 1.945312 -0.992126 2.789062 -1.370079 
cscCSS1A12 1.992188 -1.748031 2.789062 -2.173228 
cscCSS1A10 1.992188 -2.551181 2.789062 -2.929134 
cscCSS1A08 1.992188 2.929134 2.789062 2.551181 
cscCSS1A06 1.992188 2.173228 2.789062 1.795276 
cscCSS1A04 1.992188 1.370079 2.789062 0.992126 
cscCSS1A02 1.992188 0.566929 2.789062 0.188976 
cscCSS1C16 -2.789062 -0.188976 -1.992188 -0.566929 
cscCSS1C14 -2.789062 -0.992126 -1.992188 -1.370079 
cscCSS1C12 -2.789062 -1.748031 -1.992188 -2.173228 
cscCSS1C10 -2.789062 -2.551181 -1.992188 -2.929134 
cscCSS1C08 -2.789062 2.929134 -1.992188 2.551181 
cscCSS1C06 -2.789062 2.173228 -1.992188 1.748031 
cscCSS1C04 -2.789062 1.370079 -1.992188 0.992126 
cscCSS1C02 -2.789062 0.566929 -1.992188 0.188976 
