TGCT1E1C28 -1.60668 -2.63058 -1.60667 -2.63058
TGCT1E2A35 1.28759 -1.74738 1.2876 -1.74738
TGCT1E3C38 -1.22846 -1.36724 -1.22846 -1.36724
TGCT1F1A21 2.09686 -0.82609 2.09688 -0.82609
TGCT2E1C28 -1.6071 -2.63058 -1.6071 -2.63058
TGCT2E2C28 -1.60709 -2.63058 -1.60708 -2.63058
TGCT2E3A35 1.28766 -1.74738 1.28766 -1.74738
TGCT2E3C38 -1.22846 -1.36724 -1.22846 -1.36724
TGCT2F1A21 2.09734 -0.82609 2.09735 -0.82609
TGCT3E2C28 -1.60722 -2.63058 -1.60721 -2.63058
TGCT3E3A35 1.28768 -1.74739 1.28768 -1.74739
TGCT3E4C38 -1.22846 -1.36724 -1.22846 -1.36724
TGCT3F1A21 2.09748 -0.82609 2.09749 -0.82609
TGCT4F1A18 1.28688 -1.74738 1.28689 -1.74738
TGCT4F1C14 -1.60218 -2.63058 -1.60215 -2.63058
